44092;1659494260;1300328;1659494272;7349188
34196;1659494272;8148706;1659494276;7093933
34295;1659494276;7267685;1659494282;5470574
34389;1659494282;5829213;1659494286;9788206
34251;1659494287;107831;1659494290;7663982
34361;1659494290;8239808;1659494293;9576056
34217;1659494293;9758093;1659494296;8452766
33873;1659494296;950515;1659494299;2855406
33735;1659494299;3142407;1659494305;2460585
31589;1659494305;3860774;1659494309;0485036
37686;1659494309;1680043;1659494317;3789742
41227;1659494317;4058766;1659494320;950332
34298;1659494321;0678833;1659494324;0151496
35491;1659494324;0719035;1659494327;0331674
35182;1659494327;0648777;1659494331;3086846
34974;1659494331;3628619;1659494334;5332937
34954;1659494334;6196449;1659494337;1441858
35053;1659494337;167179;1659494340;313625
36258;1659494340;341658;1659494342;2625134
36350;1659494342;344957;1659494344;8184118
42779;1659494344;842601;1659494351;6002557
36276;1659494351;6436377;1659494352;9598093
39413;1659494352;9753795;1659494353;8599956
38928;1659494353;8770654;1659494354;743277
35668;1659494354;7609951;1659494355;62206
34855;1659494355;6436784;1659494356;5448248
34742;1659494356;558873;1659494357;4022534
34249;1659494357;4229612;1659494358;8964882
35460;1659494358;9168172;1659494359;8228016
33525;1659494359;8444405;1659494360;599868
36713;1659494360;6161618;1659494368;2696888
39512;1659494368;3092132;1659494371;1187756
34645;1659494371;2475364;1659494372;753993
37150;1659494372;8410354;1659494376;7693734
36654;1659494376;8182964;1659494378;5090477
36230;1659494378;5229912;1659494380;358645
36681;1659494380;3735826;1659494382;3879304
36912;1659494382;4516404;1659494384;1829255
37243;1659494384;198158;1659494391;7687469
36841;1659494391;7861452;1659494394;41253
44882;1659494394;4489644;1659494402;4239755
40634;1659494402;4446192;1659494407;4354277
34725;1659494407;4617434;1659494409;437095
35686;1659494409;576894;1659494411;2018163
35768;1659494411;2249758;1659494413;008576
35718;1659494413;0321891;1659494414;649658
35705;1659494414;710571;1659494416;3665674
35826;1659494416;498601;1659494418;2786973
35834;1659494418;5487297;1659494423;3519595
35846;1659494423;3774054;1659494424;9779897
41745;1659494424;9913106;1659494434;9416287
36092;1659494435;0199926;1659494436;508605
34935;1659494436;5298476;1659494437;7797937
34912;1659494437;7996283;1659494438;9203413
34895;1659494439;006725;1659494443;1002457
34896;1659494443;1219203;1659494444;226509
34907;1659494444;2501843;1659494446;3174562
35049;1659494446;3634691;1659494447;8527942
34903;1659494447;8850138;1659494449;1204655
26863;1659494449;1436582;1659494450;1386483
42437;1659494450;1548605;1659494459;0086699
39529;1659494459;1080298;1659494462;89114
35315;1659494462;905643;1659494468;575775
35453;1659494468;7439427;1659494472;1468105
35358;1659494472;2287354;1659494477;4330587
35266;1659494477;5485635;1659494482;7992678
35531;1659494482;8222704;1659494485;5357041
35307;1659494485;5744667;1659494487;8238535
35210;1659494487;8625793;1659494491;383706
35230;1659494491;4309018;1659494494;2642803
42293;1659494494;357624;1659494503;7565186
36734;1659494503;9010072;1659494506;487523
35636;1659494506;5385954;1659494510;658074
35805;1659494510;7097497;1659494512;9115016
35613;1659494513;0080166;1659494514;5258281
35581;1659494514;5448217;1659494516;5672581
35745;1659494516;5793917;1659494518;5328662
35665;1659494518;5520842;1659494520;7705
35654;1659494520;7979636;1659494523;3985014
35562;1659494523;4232278;1659494525;822061
42627;1659494525;8550622;1659494532;6846054
35524;1659494532;698064;1659494533;4294415
38457;1659494533;4471562;1659494534;4544613
39738;1659494534;480573;1659494535;2475414
36859;1659494535;2611196;1659494535;8714414
36051;1659494535;901419;1659494536;664258
35681;1659494536;6794398;1659494537;6645732
35774;1659494537;6770828;1659494539;2570672
35663;1659494539;271174;1659494540;1817522
35674;1659494540;1982434;1659494541;0767343
47576;1659494541;0892458;1659494548;900493
39337;1659494548;9229412;1659494550;4963686
37011;1659494550;520145;1659494552;180394
35475;1659494552;1983929;1659494553;5605345
35533;1659494553;5948565;1659494556;2022848
35493;1659494556;3314183;1659494558;1519291
35355;1659494558;2156906;1659494559;720768
35392;1659494559;807286;1659494561;587897
35443;1659494561;635086;1659494563;2131453
36339;1659494563;2380135;1659494564;452709
44058;1659494564;4894392;1659494572;926393
26803;1659494572;9542933;1659494575;1302392
34949;1659494575;2057962;1659494577;2383811
35311;1659494577;2552156;1659494580;1518502
36392;1659494580;1738794;1659494581;6868088
36428;1659494581;70578;1659494584;2012804
36375;1659494584;2448077;1659494586;8047192
36289;1659494586;877402;1659494588;7799973
36310;1659494588;7974555;1659494590;6044044
36402;1659494590;6294665;1659494592;78362
42392;1659494592;8194509;1659494599;544751
35858;1659494599;563354;1659494600;3699691
35958;1659494600;4019592;1659494601;1598072
35745;1659494601;175435;1659494601;9880617
35766;1659494602;0041652;1659494602;7619286
35849;1659494602;7813885;1659494606;1519766
35831;1659494606;1641822;1659494606;8612773
35543;1659494606;8739429;1659494610;6063426
34287;1659494610;6241727;1659494611;3373609
31869;1659494611;35791;1659494612;1643314
42251;1659494612;1977394;1659494625;1365142
35784;1659494625;1814425;1659494626;8783731
35756;1659494626;8928566;1659494628;429291
35855;1659494628;5200799;1659494629;9615226
35808;1659494629;9780145;1659494631;3602781
35652;1659494631;3947108;1659494633;2707791
35673;1659494633;2829063;1659494634;8308825
35773;1659494634;8832653;1659494636;291672
35690;1659494636;3078773;1659494637;6646812
35659;1659494637;6789699;1659494641;5961862
42349;1659494641;617539;1659494655;6729255
35787;1659494655;7144718;1659494657;5003092
35873;1659494657;5154474;1659494667;5320313
35748;1659494667;5644248;1659494669;7425928
35857;1659494669;7685163;1659494671;4582806
35942;1659494671;479694;1659494672;4467561
35866;1659494672;4632087;1659494673;32728
35775;1659494673;3505132;1659494674;2347357
35762;1659494674;2746325;1659494675;138026
35781;1659494675;1501954;1659494676;2164652
42385;1659494676;245661;1659494683;8634906
39295;1659494683;888932;1659494685;5450277
37498;1659494685;5591471;1659494687;0333064
35452;1659494687;073069;1659494688;4770458
35587;1659494688;4991853;1659494689;9427617
35349;1659494689;9576015;1659494691;6875832
35625;1659494691;7159128;1659494695;6985483
35593;1659494695;7155662;1659494697;8601496
35521;1659494697;8835669;1659494700;3298776
35494;1659494700;3682582;1659494701;6521292
42710;1659494701;6715825;1659494709;1904182
37660;1659494709;2047102;1659494710;2557821
40298;1659494710;2993772;1659494711;388196
38069;1659494711;4083347;1659494712;8357832
36273;1659494712;8935483;1659494713;8449204
36213;1659494713;8677645;1659494714;9790704
36363;1659494715;000516;1659494716;002256
36307;1659494716;0325055;1659494719;2893622
36372;1659494719;3049157;1659494720;477523
36316;1659494720;4946752;1659494721;5785956
41165;1659494721;6056712;1659494728;4868982
34351;1659494728;5042334;1659494729;3981981
38204;1659494729;4230125;1659494731;382209
36755;1659494731;4194503;1659494733;1864448
33581;1659494733;1994205;1659494737;9172316
37216;1659494737;9356003;1659494738;9253511
37048;1659494738;9361084;1659494740;2982967
36997;1659494740;310123;1659494741;6008317
37129;1659494741;6251683;1659494745;7981474
37053;1659494745;843237;1659494749;5934758
43189;1659494749;6130154;1659494756;1257522
41120;1659494756;1424856;1659494756;945747
38571;1659494756;9646792;1659494757;6606164
39827;1659494757;6722395;1659494758;525394
40321;1659494758;5383008;1659494759;470172
36731;1659494759;4974306;1659494760;2241309
36183;1659494760;2375402;1659494761;0052638
35611;1659494761;0265546;1659494761;730438
35625;1659494761;7439606;1659494762;4462557
35660;1659494762;4647138;1659494763;2960544
41543;1659494763;3169842;1659494770;4832432
35629;1659494770;5000346;1659494771;5920067
39534;1659494771;6034503;1659494772;5267584
39820;1659494772;5776412;1659494773;8890402
36057;1659494773;9079647;1659494774;9927866
35734;1659494775;020992;1659494775;9788465
35763;1659494775;991547;1659494776;8547764
35787;1659494776;8684573;1659494777;7031217
35722;1659494777;733976;1659494779;2557237
35784;1659494779;274364;1659494780;1831145
41290;1659494780;1979778;1659494786;700423
40055;1659494786;7146184;1659494787;4117365
35364;1659494787;4251535;1659494787;990708
38664;1659494788;0045936;1659494788;6781015
39887;1659494788;6902633;1659494789;3888297
37306;1659494789;4025388;1659494790;0765815
37125;1659494790;0859804;1659494790;7510402
36473;1659494790;763021;1659494791;4196758
34821;1659494791;4448204;1659494792;0000591
34212;1659494792;0158036;1659494792;669476
41258;1659494792;6848533;1659494799;8612225
35241;1659494799;886074;1659494800;9411225
40232;1659494800;9749956;1659494802;4137065
37287;1659494802;4357102;1659494803;6393652
35821;1659494803;6569114;1659494805;1553707
34329;1659494805;1810648;1659494806;2992954
34290;1659494806;325745;1659494807;2306027
34346;1659494807;2490442;1659494808;3974447
34333;1659494808;4298692;1659494809;6492581
34240;1659494809;6686952;1659494810;8359616
42258;1659494810;8851047;1659494817;4374084
40093;1659494817;451991;1659494818;1910703
35641;1659494818;2087328;1659494818;8350759
38728;1659494818;8533823;1659494819;570956
40241;1659494819;5865326;1659494820;3729608
37790;1659494820;3870258;1659494821;1005533
37718;1659494821;1199534;1659494821;8888955
36891;1659494821;9093254;1659494822;715119
35627;1659494822;7358334;1659494823;4692738
35621;1659494823;489352;1659494824;0733197
42334;1659494824;086737;1659494830;4547377
40698;1659494830;4796963;1659494831;367835
37682;1659494831;3833592;1659494832;2083125
40027;1659494832;223658;1659494832;9981837
41153;1659494833;0168626;1659494833;9019308
37943;1659494833;914802;1659494834;6272612
37271;1659494834;6398633;1659494835;359459
36182;1659494835;3794768;1659494836;180327
35523;1659494836;198936;1659494836;9765909
35533;1659494836;9945686;1659494837;7697802
42260;1659494837;877473;1659494844;350888
40564;1659494844;3728752;1659494845;214002
37549;1659494845;2287664;1659494846;036751
40135;1659494846;0490549;1659494846;8001688
40687;1659494846;8290415;1659494847;6489518
38101;1659494847;6676073;1659494848;446854
37296;1659494848;4623604;1659494849;1738398
36035;1659494849;195719;1659494849;9706993
35355;1659494849;9883995;1659494850;7892077
35625;1659494850;8035965;1659494851;5405777
204557;1659494851;5587437;1659494868;5090363
35585;1659494868;525968;1659494869;7332747
35546;1659494869;771329;1659494871;440633
35534;1659494871;492515;1659494873;036038
35584;1659494873;059413;1659494874;547814
35325;1659494874;605018;1659494876;1642544
35383;1659494876;2110677;1659494877;36799
35259;1659494877;3943777;1659494879;2268775
35555;1659494879;2880704;1659494880;4848533
35444;1659494880;5429957;1659494881;9339652
42098;1659494881;9605703;1659494891;8960216
37772;1659494891;9410982;1659494896;403166
35391;1659494896;433899;1659494898;7529323
35107;1659494898;7731338;1659494900;3500907
35081;1659494900;3710198;1659494901;9662287
35073;1659494902;1542063;1659494903;9198303
35103;1659494903;9389029;1659494909;0948892
34952;1659494909;1166253;1659494910;8056316
35000;1659494910;8609633;1659494913;2798495
34971;1659494913;3596206;1659494915;3346078
41436;1659494915;413789;1659494922;9660523
38242;1659494923;0282505;1659494924;3460314
40841;1659494924;3624995;1659494925;5727823
37579;1659494925;6153178;1659494926;7689044
35775;1659494926;788496;1659494928;0338254
34892;1659494928;0509405;1659494929;5167136
34952;1659494929;5393379;1659494930;8732471
34847;1659494930;9081407;1659494932;3564386
35129;1659494932;392337;1659494933;8025193
35722;1659494933;8332365;1659494935;6934543
41536;1659494935;7422886;1659494942;7454815
35120;1659494942;7792134;1659494944;0529566
40530;1659494944;0655272;1659494945;0852995
37240;1659494945;107707;1659494946;374734
35061;1659494946;396846;1659494947;4048798
35439;1659494947;4379807;1659494948;6699772
35133;1659494948;7065864;1659494951;884497
36217;1659494951;9289033;1659494952;875268
36125;1659494952;9057622;1659494954;1752129
35989;1659494954;1934397;1659494958;8675928
41441;1659494958;8906515;1659494965;535603
33069;1659494965;5490072;1659494966;3487146
37247;1659494966;3626046;1659494967;1148808
39870;1659494967;1460624;1659494967;7636297
41003;1659494967;7786689;1659494968;6881077
37948;1659494968;704136;1659494969;500312
36899;1659494969;5218558;1659494970;319372
34967;1659494970;3431141;1659494971;1646762
34944;1659494971;186405;1659494971;9833045
34834;1659494972;0157294;1659494972;779168
41712;1659494972;7903163;1659494981;4311445
40928;1659494981;4622555;1659494984;3551426
35093;1659494984;3768039;1659494986;8122947
35021;1659494986;8287225;1659494989;2490659
35060;1659494989;341991;1659494991;7314458
35014;1659494991;7704155;1659494996;8320403
34999;1659494996;8832357;1659494999;1999717
35089;1659494999;2957294;1659495003;7121048
35769;1659495003;7477744;1659495006;5833282
35638;1659495006;6258967;1659495008;542401
41149;1659495008;568492;1659495015;433897
32730;1659495015;4974236;1659495016;3784463
37909;1659495016;3967595;1659495017;394193
40655;1659495017;4140716;1659495022;437056
34187;1659495022;474157;1659495023;5623624
34883;1659495023;5840166;1659495024;476751
33783;1659495024;494833;1659495025;385166
34296;1659495025;4226112;1659495026;2208018
34860;1659495026;2432961;1659495027;4263394
34637;1659495027;4812887;1659495028;5805836
41476;1659495028;7255688;1659495044;7214212
34029;1659495044;7702796;1659495046;0529594
35843;1659495046;1779494;1659495047;638096
36581;1659495047;6646805;1659495049;505911
36799;1659495049;5227346;1659495051;258545
36871;1659495051;2782977;1659495056;0872853
36860;1659495056;2444682;1659495058;0039873
36933;1659495058;0311134;1659495059;6314642
36813;1659495059;6743667;1659495061;485045
36759;1659495061;5142543;1659495063;6513247
40721;1659495063;6898222;1659495070;378575
39080;1659495070;399091;1659495071;1421602
36638;1659495071;1601727;1659495071;8880525
39574;1659495071;9180062;1659495072;796214
40553;1659495072;8160698;1659495073;6707242
37455;1659495073;6970208;1659495074;4510121
36685;1659495074;4710631;1659495075;2361915
34572;1659495075;2554753;1659495075;9957929
34498;1659495076;0223155;1659495076;7713923
34530;1659495076;7919462;1659495077;4451482
40501;1659495077;4612107;1659495087;1451786
37266;1659495087;236913;1659495090;8051662
34689;1659495090;837175;1659495093;9011838
34644;1659495093;9294896;1659495096;7422302
34476;1659495096;9488838;1659495098;8853486
34360;1659495098;8996885;1659495101;1425626
34228;1659495101;1824749;1659495103;637286
34285;1659495103;656155;1659495105;4266374
34414;1659495105;4558458;1659495107;659528
34544;1659495107;6807103;1659495109;8622832
40738;1659495109;906295;1659495117;7797139
38967;1659495117;8160212;1659495119;3732939
37578;1659495119;3955963;1659495120;8422492
36816;1659495120;8601625;1659495122;5023851
34488;1659495122;5335352;1659495124;1725247
34493;1659495124;2051983;1659495125;6251016
34619;1659495125;6526763;1659495127;3112783
34553;1659495127;3793983;1659495128;6903136
34605;1659495128;7245572;1659495130;1668084
34527;1659495130;1829233;1659495131;9776285
40310;1659495132;0602674;1659495139;11792
34030;1659495139;1359158;1659495139;8229384
37619;1659495139;8488228;1659495140;5417168
40635;1659495140;555505;1659495141;361364
37188;1659495141;3788679;1659495142;1169899
37448;1659495142;130818;1659495142;871711
36711;1659495142;8956738;1659495143;6819487
35553;1659495143;6979322;1659495144;3962085
34381;1659495144;4084468;1659495145;1651967
34525;1659495145;1831698;1659495145;9284818
40421;1659495145;9504726;1659495152;7823179
31990;1659495152;8060663;1659495153;835508
38954;1659495153;8508756;1659495154;770477
41057;1659495154;7831469;1659495156;4071121
36851;1659495156;4374812;1659495157;2495873
35391;1659495157;2647164;1659495158;2431955
34630;1659495158;2632554;1659495159;4401314
34560;1659495159;5031912;1659495160;2549186
34686;1659495160;2685838;1659495163;7409966
34621;1659495163;7573254;1659495164;6583126
40535;1659495164;6737032;1659495171;4479873
31796;1659495171;471518;1659495172;8334684
32842;1659495172;8511417;1659495173;9967866
34844;1659495174;0201519;1659495175;7504663
34602;1659495175;7914395;1659495177;676601
34757;1659495177;7537363;1659495178;9501572
34751;1659495179;0535965;1659495183;261781
34800;1659495183;2854397;1659495184;883071
34808;1659495184;9309952;1659495188;9159813
34189;1659495188;946495;1659495190;2102318
40201;1659495190;248068;1659495200;3723366
37476;1659495200;4986393;1659495203;0722106
34879;1659495203;1615632;1659495209;3266912
34884;1659495209;357068;1659495212;9169006
34947;1659495212;95394;1659495215;597558
34838;1659495215;6355464;1659495218;3136113
34838;1659495218;3457332;1659495221;9817195
34602;1659495222;2346847;1659495228;625975
34206;1659495228;6540675;1659495231;941877
35385;1659495231;9832127;1659495238;1294942
40722;1659495238;1560588;1659495245;6872778
36262;1659495245;7007232;1659495247;3149364
40888;1659495247;3864946;1659495248;9126956
37108;1659495248;9518726;1659495253;3119838
35168;1659495253;3337014;1659495255;1052337
35179;1659495255;1557407;1659495256;998489
35068;1659495257;0192165;1659495259;8890522
35087;1659495259;9992373;1659495261;8882384
35060;1659495261;9111204;1659495264;149603
35048;1659495264;1802988;1659495268;629461
42257;1659495268;669705;1659495278;8889616
38651;1659495278;9129412;1659495282;0548043
35843;1659495282;1663806;1659495284;9877965
35702;1659495285;0098264;1659495287;5561697
35065;1659495287;6034665;1659495304;0722342
34624;1659495304;1518009;1659495307;3451934
34456;1659495307;4032242;1659495310;0701854
34556;1659495310;0927157;1659495311;937455
34495;1659495312;0038264;1659495316;757861
34546;1659495316;8254774;1659495321;631746
41250;1659495321;6708329;1659495332;3791986
35967;1659495332;4064486;1659495337;09664
36038;1659495337;2155383;1659495341;441869
36082;1659495341;470691;1659495343;2040524
36071;1659495343;2970755;1659495344;843057
36112;1659495344;862127;1659495348;0587456
35776;1659495348;2526028;1659495354;132976
35974;1659495354;1972277;1659495360;824331
35901;1659495360;9911766;1659495364;616797
35961;1659495364;799004;1659495367;6522834
41227;1659495367;6827168;1659495375;3809464
38677;1659495375;4478564;1659495377;3774388
37233;1659495377;3954737;1659495379;47165
35451;1659495379;5106587;1659495381;928317
36465;1659495382;114008;1659495384;3595972
36136;1659495384;3843007;1659495386;161581
36179;1659495386;182948;1659495387;9972172
36199;1659495388;0093915;1659495389;3578348
36258;1659495389;424611;1659495390;9987092
36075;1659495391;015327;1659495392;7755272
41334;1659495392;832475;1659495400;0143178
35212;1659495400;0335069;1659495401;6460285
40402;1659495401;8452678;1659495412;0962014
34535;1659495412;1268358;1659495413;3323674
34481;1659495413;3630836;1659495414;50312
34456;1659495414;541778;1659495416;1298528
34405;1659495416;1521645;1659495417;4088867
34275;1659495417;466759;1659495423;8628588
34329;1659495423;890238;1659495425;255563
34448;1659495425;2821758;1659495426;4784775
41383;1659495426;499011;1659495432;9544485
39883;1659495432;970744;1659495433;7582011
37305;1659495433;7706294;1659495434;5528247
39587;1659495434;5677283;1659495435;4104931
40688;1659495435;4266155;1659495436;2370813
37395;1659495436;2513356;1659495437;0272822
36659;1659495437;064137;1659495437;7778342
35337;1659495455;6103;1659495456;207747
35060;1659495456;223692;1659495456;824579
34499;1659495456;8391192;1659495457;5307806
41289;1659495457;5602598;1659495465;6702752
39498;1659495465;6989386;1659495467;5287368
37170;1659495467;5948915;1659495472;5038269
35909;1659495472;551363;1659495474;4488041
35875;1659495474;4730756;1659495476;1902587
35849;1659495476;2246616;1659495477;5633817
35686;1659495477;6229458;1659495479;138564
35575;1659495479;1616282;1659495480;3120768
35736;1659495480;3641977;1659495481;6490574
35628;1659495481;6792135;1659495483;2078068
41464;1659495483;2357852;1659495490;356988
35099;1659495490;426082;1659495491;555786
40469;1659495491;5858498;1659495492;9816155
37437;1659495493;0098405;1659495494;627743
31192;1659495494;650926;1659495495;559306
34601;1659495495;5770051;1659495497;1520224
34556;1659495497;1911376;1659495498;8978233
36475;1659495498;9316597;1659495499;9885068
36443;1659495500;0253549;1659495501;1265066
36431;1659495501;1437201;1659495504;480354
40971;1659495504;5368612;1659495511;6326416
35670;1659495511;6554122;1659495512;7183886
39441;1659495512;7508395;1659495514;5127623
37261;1659495514;5390935;1659495516;7485056
36263;1659495516;7839186;1659495518;4091284
36351;1659495518;4354882;1659495520;1562176
36379;1659495520;177307;1659495521;7990382
36319;1659495521;8621054;1659495523;6481285
36423;1659495523;6845517;1659495525;2645829
36335;1659495525;29891;1659495527;0303524
42328;1659495527;1033835;1659495534;9089417
39443;1659495535;0826724;1659495536;6661205
37685;1659495536;7125301;1659495538;7447848
36281;1659495538;7669277;1659495540;1448693
36175;1659495540;1906648;1659495544;2888334
36234;1659495544;3167229;1659495545;5336041
36230;1659495545;5841506;1659495546;9363449
36178;1659495546;9518805;1659495548;4130237
36176;1659495548;4363344;1659495550;0795655
36191;1659495550;1379635;1659495551;4236546
42384;1659495551;462401;1659495560;1840363
40335;1659495560;2252417;1659495563;4051702
35927;1659495563;439553;1659495566;6666098
35892;1659495566;6906407;1659495569;4521666
35895;1659495569;526033;1659495571;949989
35927;1659495571;967391;1659495574;1363585
35840;1659495574;1805692;1659495576;2109418
35806;1659495576;2732434;1659495579;4306586
35856;1659495579;5050106;1659495584;9298494
35800;1659495585;1508696;1659495587;8453083
42500;1659495587;8653162;1659495595;0901232
36587;1659495595;1184301;1659495596;9154282
40106;1659495596;9386437;1659495599;11548
36208;1659495599;1386592;1659495601;1945217
36115;1659495601;2397208;1659495606;0092266
36015;1659495606;0331433;1659495608;4733136
35953;1659495608;5852344;1659495610;1468067
35983;1659495610;1848688;1659495612;1820774
36123;1659495612;2179961;1659495615;767647
36088;1659495615;786273;1659495617;886625
42587;1659495618;0202;1659495627;5155804
37772;1659495627;5557935;1659495630;9994378
35906;1659495631;0187454;1659495635;9754968
35696;1659495636;0680807;1659495639;508859
35514;1659495639;6938891;1659495641;4557374
35137;1659495641;4878395;1659495647;1341865
35759;1659495647;2663674;1659495649;107502
35751;1659495649;438925;1659495651;526707
35778;1659495651;572121;1659495653;405712
35796;1659495653;4433181;1659495655;0192304
42770;1659495655;046818;1659495661;3568783
41954;1659495661;3725104;1659495662;1090622
37083;1659495662;1262121;1659495662;7641518
39641;1659495662;7796;1659495663;4723594
40019;1659495663;4898577;1659495664;3100352
37505;1659495664;3268037;1659495664;9762533
36920;1659495664;9905543;1659495665;6746871
35437;1659495665;6874194;1659495666;4264107
35565;1659495666;4514904;1659495667;028271
35596;1659495667;0471404;1659495667;5962193
42747;1659495667;607373;1659495675;841414
40263;1659495675;8807924;1659495679;2698314
35573;1659495679;3612862;1659495681;3022285
35549;1659495681;3223364;1659495686;509867
35465;1659495686;5938096;1659495689;0359921
35652;1659495689;1329944;1659495692;056546
36349;1659495692;1017046;1659495694;2229378
36378;1659495694;2420995;1659495695;9948218
36469;1659495696;020169;1659495697;7234178
36329;1659495697;764402;1659495699;1969817
43161;1659495699;219258;1659495705;7789583
37136;1659495705;793504;1659495706;485096
36952;1659495706;5013664;1659495707;649395
37044;1659495707;6690755;1659495708;4335408
37078;1659495708;44949;1659495709;2019746
37091;1659495709;215362;1659495709;9727197
37090;1659495709;988162;1659495710;8937073
37096;1659495710;9088326;1659495711;6180084
37000;1659495711;6319737;1659495712;3893044
37051;1659495712;4047158;1659495713;0649335
43066;1659495713;0812132;1659495724;8970675
36098;1659495724;9159832;1659495727;5264866
36112;1659495727;5556307;1659495729;7448876
36098;1659495729;8296099;1659495732;8161676
35254;1659495732;9419672;1659495734;8959079
35490;1659495734;936009;1659495737;9052932
35119;1659495740;5026388;1659495744;590178
36199;1659495744;6543355;1659495748;0426424
36243;1659495748;0885205;1659495754;386865
36268;1659495754;4341369;1659495758;9896536
43380;1659495759;057136;1659495766;276572
37301;1659495766;2936254;1659495767;5670638
39999;1659495767;6719449;1659495769;4158294
36617;1659495769;521103;1659495770;939296
35734;1659495770;9649253;1659495772;7779167
35850;1659495772;8055685;1659495773;998383
35587;1659495774;0263774;1659495775;1564975
35635;1659495775;1834233;1659495779;8780413
35744;1659495779;917035;1659495780;998864
35799;1659495781;03744;1659495782;239454
43304;1659495782;273446;1659495819;3279808
36931;1659495822;0512133;1659495830;1163137
36869;1659495832;5302289;1659495837;5705388
36839;1659495837;7381995;1659495842;2280169
36886;1659495842;3868318;1659495850;313004
36886;1659495850;3865602;1659495856;4831007
36717;1659495856;5902982;1659495861;091071
36755;1659495861;3033986;1659495866;101597
36788;1659495866;25253;1659495871;665531
35595;1659495871;7582378;1659495878;9593894
44896;1659495879;0206463;1659495893;039811
36940;1659495893;078259;1659495896;402703
36204;1659495896;4208095;1659495905;2288558
36837;1659495905;3045907;1659495908;3437867
36761;1659495908;4680803;1659495916;7573583
36958;1659495916;828541;1659495920;8573666
36840;1659495920;9045382;1659495923;4012318
36756;1659495923;4250782;1659495926;2542303
36677;1659495926;2921908;1659495931;0830212
35584;1659495931;106969;1659495934;430183
43346;1659495934;4640007;1659495946;0411234
35497;1659495946;1459594;1659495950;6184852
35605;1659495950;6372585;1659495952;3484514
35443;1659495952;4112477;1659495953;9097302
35652;1659495953;9597125;1659495956;8388178
36888;1659495956;869209;1659495959;1668952
36824;1659495959;1920547;1659495962;8310318
36431;1659495962;860608;1659495966;1836581
36566;1659495966;2312856;1659495968;5103273
36410;1659495968;5304878;1659495970;5054038
43927;1659495970;559725;1659495979;8167043
38014;1659495979;8391588;1659495980;8148408
36358;1659495980;8381681;1659495984;3343308
36117;1659495984;3534646;1659495985;280121
36022;1659495985;303885;1659495986;1246922
35992;1659495986;1396174;1659495986;9198525
35990;1659495986;9583528;1659495987;9249644
35995;1659495987;947612;1659495988;8279638
36071;1659495988;8642464;1659495989;5962937
36137;1659495989;6128414;1659495990;4018686
44166;1659495990;4343972;1659495997;0184047
43437;1659495997;038251;1659495997;8753219
40053;1659495997;9189453;1659495998;916355
39960;1659495998;9316025;1659495999;803233
37753;1659495999;8205745;1659496000;9198582
35628;1659496000;9538052;1659496001;8205028
35727;1659496001;8404212;1659496002;628514
35820;1659496002;6582713;1659496003;337
35729;1659496003;365179;1659496004;0978546
35684;1659496004;1554172;1659496005;082885
44022;1659496005;1050336;1659496012;8735907
39891;1659496012;9089696;1659496015;3477607
36354;1659496015;381939;1659496017;9055934
36000;1659496017;9368749;1659496019;461725
35933;1659496019;4926584;1659496020;5793502
35993;1659496020;5987837;1659496022;4047992
36103;1659496022;425283;1659496024;3684013
36057;1659496024;3935509;1659496025;6376507
35902;1659496025;66356;1659496027;2513707
35996;1659496027;282911;1659496028;587872
44080;1659496028;614852;1659496039;1935067
36084;1659496039;343676;1659496042;608054
36020;1659496042;6302094;1659496047;1554637
36075;1659496047;2659342;1659496050;1875322
36029;1659496050;3055444;1659496053;985085
36091;1659496054;294739;1659496056;940316
36093;1659496057;0984337;1659496060;5083911
36282;1659496060;5450065;1659496065;2642982
36103;1659496065;2940886;1659496069;2078578
36018;1659496069;3567495;1659496073;0886247
44119;1659496073;1220298;1659496080;00305
37471;1659496080;0292068;1659496080;8818543
40323;1659496080;9020627;1659496097;5020914
37036;1659496097;5239246;1659496101;8508098
36988;1659496101;873325;1659496102;6065345
36916;1659496102;6289048;1659496103;4629443
36950;1659496103;4828334;1659496104;227659
37093;1659496104;2798839;1659496104;9715033
37068;1659496104;99271;1659496105;8157523
37055;1659496105;8318026;1659496106;6902337
45238;1659496109;2585425;1659496243;9242656
41240;1659496243;9476428;1659496248;200037
39335;1659496248;2233658;1659496248;9971693
39105;1659496249;0120645;1659496249;811304
36223;1659496249;8328416;1659496254;1230173
35554;1659496254;1726813;1659496257;9905198
34786;1659496258;0280232;1659496258;8259223
35917;1659496258;853143;1659496259;7617106
35798;1659496259;7773182;1659496260;568392
35796;1659496260;5881855;1659496261;3788545
42354;1659496261;422679;1659496270;2791827
38792;1659496270;3163667;1659496272;84877
34458;1659496272;8837488;1659496275;5554268
34437;1659496275;5991573;1659496278;5744617
34777;1659496278;6055088;1659496281;2584321
34686;1659496281;3374531;1659496286;2769265
34922;1659496286;4449048;1659496288;90151
34676;1659496289;02747;1659496292;4286475
34817;1659496292;4952984;1659496294;294656
33796;1659496294;3220882;1659496297;110479
37913;1659496297;1900723;1659496308;0843925
34984;1659496308;195895;1659496311;8064227
35235;1659496311;8260248;1659496314;2941682
34685;1659496314;3778327;1659496320;4648345
34848;1659496320;5613706;1659496326;4348826
35113;1659496326;5026805;1659496331;2897654
36017;1659496331;367445;1659496334;4272997
36657;1659496334;4637234;1659496338;3119714
36521;1659496338;481896;1659496344;764956
36578;1659496344;8322258;1659496348;7049859
43424;1659496348;7900987;1659496356;550578
39836;1659496356;5837522;1659496358;6808808
37332;1659496358;702635;1659496360;2132483
36247;1659496360;265943;1659496361;4992263
36355;1659496361;5435553;1659496365;5294838
35975;1659496365;5547495;1659496367;6753912
36002;1659496367;7149642;1659496372;309046
35928;1659496372;3262482;1659496374;0172908
35990;1659496374;0378642;1659496375;315409
36065;1659496375;3333378;1659496376;494808
44231;1659496376;5407631;1659496388;271934
35738;1659496388;330448;1659496391;3592174
35624;1659496391;4024832;1659496394;9148383
35624;1659496394;9837139;1659496397;1171215
35556;1659496397;153787;1659496404;0263422
35490;1659496404;0470104;1659496407;072119
35628;1659496407;112214;1659496409;8746703
35577;1659496409;9031456;1659496412;8899915
35655;1659496412;9802933;1659496416;588515
35577;1659496416;6154416;1659496419;874281
43288;1659496419;9764426;1659496426;5420089
42104;1659496426;5578792;1659496427;4731963
39064;1659496427;4943051;1659496430;7380033
35952;1659496430;761611;1659496431;6171792
35939;1659496431;6432796;1659496432;4411528
35792;1659496432;4600008;1659496433;3975844
35949;1659496433;4246356;1659496434;2665021
35973;1659496434;2929578;1659496435;2394683
35813;1659496435;2570946;1659496436;165557
34649;1659496436;3561454;1659496437;3540125
42985;1659496437;4015431;1659496447;046393
37392;1659496447;149494;1659496450;3771586
35956;1659496450;3981905;1659496452;9369342
35798;1659496452;9587789;1659496456;705534
35961;1659496456;7315261;1659496460;6965313
35521;1659496460;8108127;1659496464;6228464
35295;1659496464;7296364;1659496469;1841857
35625;1659496469;2844336;1659496472;303018
35909;1659496472;3244627;1659496486;8010988
35547;1659496486;853816;1659496490;8373125
44391;1659496490;8641596;1659496497;6275237
35070;1659496497;6440134;1659496501;1509867
38432;1659496501;1900222;1659496502;1459608
36295;1659496502;165511;1659496503;2097995
36000;1659496503;2549598;1659496504;1304858
36173;1659496504;1486816;1659496504;9033232
35840;1659496504;9360871;1659496505;6764886
36035;1659496505;7023783;1659496506;5575795
35937;1659496506;5834506;1659496507;470937
35996;1659496507;486884;1659496508;2438428
41913;1659496508;2756052;1659496514;9709415
34538;1659496515;0117464;1659496516;0037167
39345;1659496516;0380285;1659496517;1776235
41334;1659496517;2079098;1659496519;159392
36039;1659496519;1785772;1659496520;1474113
35918;1659496520;1669354;1659496521;301996
36001;1659496521;3509371;1659496522;5827904
36092;1659496522;6215668;1659496524;2667508
36142;1659496524;3211808;1659496525;5470018
36068;1659496525;5696468;1659496526;9406996
42379;1659496526;9636824;1659496539;6033907
35648;1659496539;6385515;1659496542;701424
35690;1659496542;7239757;1659496547;4954066
35219;1659496547;5442367;1659496551;3715749
34820;1659496551;3928912;1659496555;4816027
35662;1659496558;2539659;1659496561;8035932
35288;1659496561;9045303;1659496565;6525984
37094;1659496565;7937908;1659496570;6161768
34472;1659496570;8803504;1659496575;2516775
34364;1659496575;284105;1659496580;0819085
41636;1659496580;1104553;1659496586;9796553
33289;1659496586;9984918;1659496590;6483204
36270;1659496590;6770325;1659496591;5872872
35739;1659496591;6120515;1659496592;577505
35663;1659496592;5997593;1659496593;4752991
35805;1659496593;5140378;1659496594;8334923
35799;1659496594;8526084;1659496595;74605
35642;1659496595;7674463;1659496596;9919019
35790;1659496597;0456388;1659496598;9780538
35817;1659496601;8382761;1659496603;4920835
41432;1659496603;5205507;1659496615;6100283
34341;1659496615;7174683;1659496619;9975903
34097;1659496620;1200426;1659496623;0267255
34082;1659496623;1441157;1659496626;9746435
34069;1659496627;0250413;1659496630;597908
34039;1659496630;7120628;1659496635;2764933
33894;1659496635;3776886;1659496641;7875159
33995;1659496641;9574337;1659496645;628623
33922;1659496645;6521518;1659496651;6469243
33984;1659496651;720246;1659496655;5058398
41300;1659496651;720246;1659496663;2578702
38133;1659496663;282871;1659496664;9886916
37277;1659496665;0066311;1659496666;6846821
35924;1659496666;7075;1659496668;366377
36003;1659496668;4115908;1659496669;6286278
35987;1659496669;6622076;1659496670;6642787
35950;1659496670;6874228;1659496671;8087058
35942;1659496671;8416562;1659496672;965375
36001;1659496672;9930978;1659496673;9967008
35937;1659496674;0156224;1659496675;1818008
41074;1659496675;2139935;1659496682;769226
36613;1659496682;7916625;1659496683;8928654
39715;1659496683;9295473;1659496686;1155267
36009;1659496686;1440322;1659496687;6229784
34040;1659496687;728412;1659496689;108991
34120;1659496689;1429808;1659496690;9830682
34102;1659496691;0045838;1659496692;9235153
34059;1659496692;9647772;1659496694;5058525
34062;1659496694;5764449;1659496695;8192046
34111;1659496695;8521016;1659496698;8870435
36430;1659496698;9144647;1659496849;7061985
50072;1659496849;730213;1659496851;6283228
49524;1659496851;6571836;1659496853;2975488
38650;1659496853;3216686;1659496854;5082345
39422;1659496854;5361497;1659496858;7200344
39656;1659496858;7447364;1659496859;863594
39400;1659496859;8978224;1659496860;8536263
36623;1659496860;8733592;1659496861;741091
35528;1659496861;8310413;1659496865;501976
35716;1659496865;542885;1659496866;9926507
43158;1659496867;023102;1659496875;423607
38967;1659496875;445536;1659496880;0066445
35641;1659496880;1257987;1659496882;2927482
37196;1659496882;3436668;1659496884;5834656
36972;1659496884;6012325;1659496886;5678596
36989;1659496886;6036277;1659496888;8373752
36351;1659496888;9681947;1659496891;4046092
36352;1659496891;4391468;1659496893;553595
36195;1659496893;5803516;1659496895;8906624
36300;1659496895;91758;1659496897;5230381
43357;1659496897;5475967;1659496904;3257713
36055;1659496904;3445313;1659496905;417394
38912;1659496905;44803;1659496906;6466012
39009;1659496906;6653569;1659496907;903816
36458;1659496907;9255972;1659496909;1014416
36357;1659496909;1178367;1659496910;3829741
36509;1659496910;3985498;1659496911;286917
36478;1659496911;3089316;1659496912;3926742
36511;1659496912;411143;1659496913;5168626
36372;1659496913;5449457;1659496914;6468234
43792;1659496914;7737324;1659496923;543815
39755;1659496923;5616755;1659496926;9919422
36165;1659496927;0211241;1659496930;0018811
36361;1659496930;0345516;1659496933;3646836
36322;1659496933;38747;1659496937;5967379
36330;1659496937;6341958;1659496945;42988
35752;1659496945;4495852;1659496950;9811552
36621;1659496951;0099676;1659496956;6121469
36734;1659496956;804164;1659496960;100489
36570;1659496960;251827;1659496962;5241814
44427;1659496962;6227229;1659496970;3050737
39652;1659496970;3397315;1659496971;8720598
37814;1659496971;8996818;1659496973;2071433
37007;1659496973;2223182;1659496974;7361364
36940;1659496974;7583625;1659496975;973001
37018;1659496976;0035424;1659496977;0283759
36958;1659496977;0581014;1659496977;937161
36882;1659496977;9673746;1659496979;0404494
36839;1659496979;0675519;1659496982;1409514
36905;1659496982;1680841;1659496983;100022
44632;1659496983;124133;1659496990;8476577
39398;1659496990;9188466;1659496992;587109
37580;1659496992;6071045;1659496993;9805787
36741;1659496994;0055475;1659496995;1229513
36651;1659496995;143641;1659496996;3056257
36560;1659496996;327235;1659496997;5682728
36508;1659496997;5904832;1659496999;6938832
36521;1659496999;7237396;1659497001;4601707
36644;1659497001;486859;1659497002;9597216
36669;1659497002;9894495;1659497004;6437845
44771;1659497004;6651828;1659497012;5481265
39570;1659497012;74898;1659497015;2975903
36860;1659497015;3785307;1659497017;348903
36862;1659497017;4058707;1659497019;9163377
36907;1659497019;9645798;1659497022;8602133
36787;1659497022;926048;1659497026;224749
36841;1659497026;2498448;1659497028;6887352
36825;1659497028;7267203;1659497031;7473135
36826;1659497031;7949028;1659497034;822354
36897;1659497034;8474104;1659497037;184137
44979;1659497037;248883;1659497046;7410698
37510;1659497046;8083434;1659497052;1057305
36955;1659497052;224228;1659497054;7852602
36857;1659497054;817858;1659497057;7569666
36845;1659497057;7942162;1659497064;587775
36935;1659497064;795868;1659497067;7088575
36958;1659497067;7423623;1659497072;833648
37000;1659497072;971463;1659497077;1119986
36988;1659497077;2001913;1659497081;0977178
36942;1659497081;150117;1659497083;742125
45326;1659497083;781882;1659497090;7635956
39028;1659497090;790975;1659497092;3459048
40065;1659497092;3856573;1659497093;782319
36843;1659497093;8100014;1659497094;9863505
36903;1659497095;010927;1659497096;0868046
36904;1659497096;1183274;1659497097;5815337
36851;1659497097;598764;1659497107;5350776
37333;1659497109;7881134;1659497118;7656581
36483;1659497118;785257;1659497120;535825
36230;1659497120;5633974;1659497121;5525248
46092;1659497121;5691795;1659497128;6871388
38595;1659497128;7053635;1659497133;5366814
36726;1659497133;5680664;1659497135;2960484
36652;1659497135;3295834;1659497139;6666555
36754;1659497139;6885793;1659497140;620951
36799;1659497140;6492782;1659497141;774393
36668;1659497141;7975218;1659497142;7249963
36712;1659497142;7523174;1659497143;7939162
36586;1659497143;8158507;1659497144;7220762
36761;1659497144;7604678;1659497145;6450272
45970;1659497145;6663866;1659497153;7053843
39828;1659497153;743888;1659497155;7457833
36913;1659497155;772185;1659497157;6172144
36459;1659497157;7059464;1659497159;8188388
36732;1659497159;838804;1659497161;3957033
36595;1659497161;4608164;1659497166;198647
36441;1659497166;2585802;1659497170;865415
37206;1659497170;8939795;1659497172;25873
37015;1659497172;34902;1659497173;610503
37265;1659497173;6447;1659497174;9778876
45298;1659497174;9999738;1659497182;4003797
39219;1659497182;4232776;1659497183;5167003
40169;1659497183;5432243;1659497184;8722517
37315;1659497184;8935318;1659497185;9798427
37376;1659497185;9999135;1659497187;414315
37108;1659497187;4383168;1659497188;877443
37106;1659497188;9009213;1659497190;2511692
37166;1659497190;2795086;1659497194;2914407
37175;1659497194;3260198;1659497195;927732
37272;1659497195;9622166;1659497200;111255
45354;1659497200;1323361;1659497207;5801034
39655;1659497207;60177;1659497209;9449003
37488;1659497209;9928842;1659497212;2220767
37621;1659497212;3056104;1659497214;0468686
37438;1659497214;0739021;1659497215;8742228
37523;1659497215;8926265;1659497219;7111502
37674;1659497219;8151755;1659497225;9094865
36650;1659497225;9916184;1659497235;4876547
37716;1659497235;5696695;1659497258;888406
37351;1659497258;9083822;1659497267;1297002
39741;1659497267;2321162;1659497274;9434733
30448;1659497274;9874136;1659497276;0135746
40347;1659497276;0396466;1659497278;1487677
37226;1659497278;1799672;1659497279;8149984
37259;1659497279;8543541;1659497282;5405977
37243;1659497282;6300251;1659497284;718994
37063;1659497284;7432415;1659497287;251735
37182;1659497287;2780907;1659497289;267317
37127;1659497289;2939467;1659497292;3136072
37210;1659497292;333049;1659497294;275997
46631;1659497294;3204052;1659497303;545407
39795;1659497303;585641;1659497306;4112916
36846;1659497306;4357357;1659497308;5487673
36965;1659497308;604236;1659497311;2281582
36998;1659497311;2751083;1659497313;45444
37138;1659497313;4914463;1659497318;687717
37193;1659497318;7822073;1659497320;7134228
37000;1659497320;7972562;1659497326;2054257
37066;1659497326;3423212;1659497330;1228478
37205;1659497330;2176604;1659497333;307814
51709;1659497333;3388884;1659497342;2845628
40047;1659497342;3077059;1659497354;6289446
37717;1659497354;7032921;1659497358;0737739
37700;1659497358;1776824;1659497361;6437194
37794;1659497361;8163922;1659497364;5753949
37657;1659497364;8286738;1659497367;6755068
37695;1659497367;711615;1659497370;7517862
37738;1659497370;8278062;1659497373;6498368
37741;1659497373;7318857;1659497376;1694493
37627;1659497376;216534;1659497378;5077126
45945;1659497376;216534;1659497386;5277607
40250;1659497386;5492184;1659497388;4912982
36863;1659497388;6732888;1659497390;1055467
37046;1659497390;130529;1659497401;5654063
37351;1659497401;7074983;1659497406;577526
37268;1659497408;6996753;1659497424;7145257
37407;1659497424;7447555;1659497427;216615
37334;1659497427;2981145;1659497430;364577
37430;1659497430;4375415;1659497447;0870214
37303;1659497447;158128;1659497452;194992
45571;1659497452;2153513;1659497463;1655393
37117;1659497463;3386617;1659497467;34934
36984;1659497467;3945644;1659497470;992089
36965;1659497471;027605;1659497477;648003
37238;1659497477;8100214;1659497483;5919223
37221;1659497483;6149387;1659497490;9784493
37176;1659497491;0958056;1659497501;749531
37040;1659497501;7906785;1659497505;4173834
37108;1659497505;4875906;1659497509;2908974
37097;1659497509;3648703;1659497511;1793764
45679;1659497511;20109;1659497520;6567
37703;1659497520;6852076;1659497523;961337
36718;1659497524;0146017;1659497527;3469381
36925;1659497527;3840075;1659497530;929596
36489;1659497530;9731188;1659497534;7493331
36181;1659497534;7849355;1659497537;7683308
36774;1659497538;055528;1659497541;3781319
36597;1659497541;3979106;1659497555;1135836
36826;1659497555;5543602;1659497560;0607808
36936;1659497560;10431;1659497565;4777632
45800;1659497565;499241;1659497573;317492
40323;1659497573;3384817;1659497574;2551694
39873;1659497574;2749865;1659497575;5474746
37161;1659497575;6647468;1659497576;648747
37176;1659497576;6670122;1659497577;6345906
37221;1659497577;6552377;1659497582;1247282
37127;1659497582;1662474;1659497583;6089976
37250;1659497583;6462085;1659497584;8112392
37142;1659497584;8294048;1659497585;898077
37078;1659497585;924717;1659497587;1220345
45310;1659497587;1530573;1659497594;8006759
39804;1659497594;8404398;1659497597;7021697
37142;1659497597;7341387;1659497600;4430275
37215;1659497600;4603376;1659497603;2125907
37106;1659497603;2516537;1659497604;5176601
37125;1659497604;540705;1659497609;732294
37169;1659497609;7836657;1659497611;175806
37063;1659497611;1960359;1659497613;7211657
36886;1659497613;7945387;1659497615;1383686
36950;1659497615;1654592;1659497616;7375536
45659;1659497616;8539324;1659497626;8076746
37035;1659497626;8238869;1659497628;4425273
37105;1659497628;5330155;1659497630;1012728
37085;1659497630;1429567;1659497631;7600863
37033;1659497631;7800093;1659497636;1247225
37028;1659497636;146499;1659497637;411308
37901;1659497637;4426563;1659497639;068813
37310;1659497639;1039872;1659497641;4481113
37186;1659497641;4746726;1659497642;6360002
37178;1659497642;6644888;1659497643;9089994
