44122;1662520864;5259843;1662520896;9201057
43905;1662520897;112630;1662520907;1345997
44237;1662520907;163490;1662520909;4981968
44431;1662520910;827984;1662520913;433379
44321;1662520913;467376;1662520915;7391274
44395;1662520915;760618;1662520918;1173537
59474;1662520918;400948;1662520925;9409604
45803;1662520925;960260;1662520927;1383586
45367;1662520927;167715;1662520928;0653322
45293;1662520928;083240;1662520929;1437755
45331;1662520929;165583;1662520936;6465564
45449;1662520936;704203;1662520939;874568
45436;1662520939;894687;1662520940;9576495
45543;1662520940;968984;1662520942;5446694
45509;1662520942;588553;1662520944;1691792
45251;1662520944;225892;1662520948;270791
54860;1662520948;497081;1662520956;452542
51553;1662520956;471426;1662520957;6389334
45825;1662520957;672945;1662520958;8068416
47680;1662520958;825400;1662520960;188084
45606;1662520960;228283;1662520961;5279717
46765;1662520961;561791;1662520962;772797
46714;1662520962;792481;1662520964;535885
44495;1662520964;550261;1662520965;6669707
44844;1662520965;691939;1662520966;656459
44617;1662520966;694513;1662520967;838514
59902;1662520967;857046;1662520976;111487
44952;1662520976;143754;1662520977;5565677
45282;1662520977;577265;1662520978;9070697
45567;1662520978;937238;1662520980;7772505
45464;1662520980;812741;1662520983;039903
45538;1662520983;080955;1662520989;3832128
45532;1662520989;403286;1662520991;4655015
45783;1662520991;486080;1662520993;1162899
45643;1662520993;150547;1662520996;6204326
60338;1662520996;751432;1662521006;3527322
45967;1662521006;378732;1662521007;3529243
45913;1662521007;374888;1662521008;6850493
46013;1662521008;703668;1662521010;3294654
45888;1662521010;345242;1662521011;4248025
45818;1662521011;440638;1662521012;6989405
46087;1662521012;719592;1662521013;8121567
45952;1662521014;469233;1662521015;8244388
45813;1662521015;841530;1662521016;7652302
46105;1662521016;782625;1662521017;9815495
60620;1662521018;011469;1662521025;1667445
45172;1662521025;192344;1662521026;3687944
45355;1662521026;391797;1662521027;7245567
45106;1662521027;741190;1662521028;73902
45105;1662521028;755429;1662521029;7685156
45181;1662521029;795283;1662521031;0908139
45040;1662521031;113994;1662521032;1858578
45015;1662521032;214400;1662521033;8324873
45185;1662521033;847296;1662521034;9036117
45195;1662521034;921027;1662521036;0186481
60778;1662521036;032774;1662521043;778875
45024;1662521043;930835;1662521045;2189794
45137;1662521045;234845;1662521046;3153775
45217;1662521046;339506;1662521052;2809994
45281;1662521052;314656;1662521055;4115891
45204;1662521055;426907;1662521056;9881437
45272;1662521057;004949;1662521058;6066585
45171;1662521058;688412;1662521059;8132756
45276;1662521059;830363;1662521060;8557525
45210;1662521060;881260;1662521062;402483
61107;1662521062;418556;1662521071;9052713
45490;1662521071;969406;1662521083;2551792
45632;1662521083;283693;1662521085;5146918
45536;1662521085;543243;1662521090;8193738
45606;1662521085;543243;1662521096;2009904
45521;1662521096;254092;1662521107;994742
61644;1662521108;011396;1662521116;4597309
45821;1662521116;476953;1662521121;65328
45747;1662521121;673378;1662521123;4021776
45786;1662521123;435171;1662521125;0373976
45790;1662521125;061418;1662521127;8474016
45841;1662521127;866945;1662521130;3694365
45962;1662521130;395984;1662521135;7770321
45860;1662521135;793890;1662521137;0551226
61898;1662521137;075159;1662521147;742699
45899;1662521147;761221;1662521148;8208425
45660;1662521148;852205;1662521150;5495293
45715;1662521150;581234;1662521152;4672835
45658;1662521152;485552;1662521154;2290385
45692;1662521154;247759;1662521156;3676155
45755;1662521156;407338;1662521160;101381
45685;1662521160;125401;1662521161;0826554
45872;1662521161;105319;1662521162;7463422
45645;1662521162;766832;1662521164;4647963
62107;1662521164;512318;1662521175;9399836
45952;1662521175;976675;1662521177;5830317
46041;1662521177;627493;1662521180;041569
45985;1662521180;077590;1662521181;7496603
46086;1662521181;976177;1662521183;8079536
45967;1662521183;826391;1662521186;5173635
46002;1662521186;553004;1662521188;3280892
46049;1662521188;371879;1662521190;9642258
46038;1662521190;999358;1662521193;0041296
45754;1662521193;027834;1662521195;0977929
62338;1662521195;291267;1662521202;921396
45834;1662521202;968390;1662521204;9195993
45819;1662521205;163415;1662521206;880947
45787;1662521206;896186;1662521208;4755979
45854;1662521208;624611;1662521209;6952052
45876;1662521209;719513;1662521211;2021224
45912;1662521211;226365;1662521212;6877983
45845;1662521212;746293;1662521214;040523
45713;1662521214;083439;1662521215;6404989
45685;1662521215;778022;1662521217;1610804
119911;1662521217;189740;1662521226;7177687
46297;1662521226;748405;1662521228;079999
46200;1662521228;146912;1662521229;2379775
46030;1662521229;269198;1662521230;607942
46129;1662521230;636476;1662521234;4713652
46149;1662521234;488977;1662521235;8143852
46243;1662521235;837281;1662521237;6411078
46307;1662521237;660524;1662521239;697033
46121;1662521239;719914;1662521241;2001908
46253;1662521241;228613;1662521242;454987
62393;1662521242;475631;1662521250;8489733
46135;1662521250;884333;1662521252;738246
46301;1662521252;758661;1662521254;7863846
46121;1662521254;816785;1662521256;5453937
46072;1662521256;569857;1662521258;166192
45851;1662521258;227289;1662521259;7088928
46089;1662521259;740651;1662521261;542368
46196;1662521261;574085;1662521266;0811417
46060;1662521266;128795;1662521268;4042947
46237;1662521268;441085;1662521269;957108
62645;1662521269;986071;1662521277;3920445
46257;1662521277;408044;1662521278;7359178
46279;1662521278;777019;1662521282;651861
46280;1662521282;681338;1662521283;8801444
46271;1662521283;910069;1662521285;204583
46313;1662521285;226100;1662521286;1952367
46195;1662521286;207394;1662521287;9199734
46239;1662521287;936748;1662521289;1028287
46318;1662521289;131576;1662521290;5300627
46337;1662521290;552104;1662521291;7041693
62876;1662521291;720039;1662521299;402292
46379;1662521299;421746;1662521301;018538
46293;1662521301;039138;1662521302;5766816
46385;1662521302;616675;1662521303;617406
46274;1662521303;639763;1662521305;0056298
46375;1662521305;034070;1662521306;8023229
46327;1662521306;823244;1662521307;73538
46422;1662521307;765790;1662521309;1296682
46407;1662521309;145199;1662521310;8909984
46390;1662521310;919338;1662521312;1281261
63107;1662521312;151186;1662521319;4141462
46619;1662521319;442093;1662521320;695358
46550;1662521320;716735;1662521322;3806288
46570;1662521322;415662;1662521323;6626182
46515;1662521323;675767;1662521324;8788772
46630;1662521324;909650;1662521326;519952
46614;1662521326;555000;1662521328;7455149
46550;1662521328;762809;1662521330;1660025
46697;1662521330;197282;1662521332;1662724
46578;1662521332;201014;1662521333;45279
63136;1662521333;476723;1662521340;7657387
46712;1662521340;783652;1662521342;1861644
46685;1662521342;208459;1662521343;5556493
46492;1662521343;580672;1662521345;0101988
46557;1662521345;038346;1662521346;3752372
46589;1662521346;427007;1662521347;8092127
46628;1662521347;828254;1662521349;0840857
46697;1662521349;109880;1662521350;3662715
46544;1662521350;382398;1662521351;7513165
46702;1662521351;777729;1662521352;9882617
63151;1662521353;022486;1662521360;1773021
46430;1662521360;198962;1662521361;32143
46678;1662521361;343487;1662521362;5282054
46733;1662521362;566601;1662521364;8807876
46650;1662521364;912972;1662521367;2889147
46746;1662521367;309946;1662521368;631887
46684;1662521368;650130;1662521372;358436
46637;1662521372;398395;1662521373;4563532
46577;1662521373;472542;1662521374;7667978
46733;1662521374;790163;1662521376;0927584
63077;1662521376;106280;1662521383;534194
46690;1662521383;553402;1662521385;223422
46584;1662521385;249952;1662521386;5169055
46671;1662521386;540401;1662521387;9273295
46614;1662521387;957886;1662521392;8446548
46467;1662521392;877594;1662521394;1621594
46520;1662521394;201087;1662521395;5821683
46536;1662521395;598146;1662521396;7002966
46577;1662521396;723274;1662521398;2201333
46685;1662521398;453145;1662521399;6762507
63191;1662521399;722902;1662521411;3233526
46589;1662521411;353697;1662521414;9540765
46609;1662521414;990648;1662521419;8234735
46776;1662521419;842207;1662521422;3303378
46604;1662521422;356942;1662521424;9173753
46660;1662521424;944825;1662521427;6033108
46640;1662521427;635456;1662521429;6205676
46681;1662521429;644269;1662521431;7457807
46529;1662521431;771621;1662521434;108692
46570;1662521434;287559;1662521436;557108
63240;1662521436;597632;1662521444;8225665
46773;1662521444;849820;1662521447;0882928
46776;1662521447;116412;1662521449;0705473
46745;1662521449;106433;1662521450;6298563
46820;1662521450;649019;1662521452;5527358
46935;1662521452;575467;1662521453;8662806
46771;1662521453;916268;1662521455;2242491
46742;1662521455;245802;1662521456;819398
46700;1662521456;837199;1662521457;9375176
46760;1662521457;962199;1662521459;1587524
63628;1662521459;176528;1662521467;2390115
46960;1662521467;260589;1662521473;814451
46862;1662521473;863510;1662521475;525848
47108;1662521475;552421;1662521477;578688
63977;1662521477;627389;1662521534;7075012
46967;1662521537;033031;1662521569;533503
46811;1662521569;585089;1662521589;5873988
46558;1662521589;619562;1662521600;976493
46674;1662521601;221827;1662521611;4767044
46586;1662521611;536769;1662521629;3310187
46631;1662521629;479760;1662521637;3317668
46934;1662521637;386745;1662521638;6515753
46159;1662521638;676874;1662521639;9470043
47156;1662521639;973843;1662521641;811467
63250;1662521641;827103;1662521649;6866295
46707;1662521650;350452;1662521651;4101236
46716;1662521651;437974;1662521652;784333
46650;1662521652;798861;1662521653;952582
46465;1662521653;992661;1662521655;6010284
46693;1662521655;631678;1662521657;414571
46686;1662521657;441679;1662521659;2324264
46608;1662521659;255528;1662521660;8940907
46462;1662521660;918210;1662521665;1328607
46627;1662521665;166352;1662521669;184154
62656;1662521669;211750;1662521676;5883183
46460;1662521676;607052;1662521677;6921682
46202;1662521680;682614;1662521681;9341245
46590;1662521681;954711;1662521683;1631036
46549;1662521683;192551;1662521685;160807
46474;1662521685;194374;1662521686;4185166
46665;1662521686;447797;1662521687;8292036
46611;1662521688;040565;1662521689;2845085
46554;1662521689;313001;1662521691;2015088
46455;1662521691;236393;1662521692;836652
63420;1662521692;862712;1662521701;0782068
46675;1662521701;107448;1662521702;4202845
46732;1662521702;450923;1662521703;9523294
46810;1662521703;983060;1662521705;6532564
46621;1662521705;668930;1662521707;3131833
46605;1662521707;506420;1662521709;2812219
46680;1662521709;321267;1662521710;5690632
46488;1662521710;587170;1662521711;9685504
46540;1662521712;026137;1662521713;1957092
46576;1662521713;226115;1662521714;7131386
63070;1662521714;732017;1662521722;4978921
46465;1662521722;525130;1662521723;691432
46566;1662521723;712765;1662521725;1278868
46401;1662521725;154706;1662521727;582252
46408;1662521727;791292;1662521729;0180686
46595;1662521729;042768;1662521730;6796553
46490;1662521730;709693;1662521731;9709752
46424;1662521734;411604;1662521736;5518067
46455;1662521736;569618;1662521738;3080964
46431;1662521738;339550;1662521739;8657434
63278;1662521739;895202;1662521747;3255217
46608;1662521747;478507;1662521748;7488534
46531;1662521748;772998;1662521750;4345803
46525;1662521750;463258;1662521752;0606825
46669;1662521752;341985;1662521753;7281706
46580;1662521753;746737;1662521754;9990358
46594;1662521755;026398;1662521756;209454
46600;1662521756;224590;1662521757;55348
46543;1662521757;582587;1662521758;9733737
46559;1662521758;990853;1662521760;0777466
63499;1662521760;105378;1662521767;7324505
46603;1662521767;760855;1662521769;1678283
46437;1662521769;195087;1662521770;3333206
46696;1662521770;351267;1662521771;4366744
46442;1662521771;474129;1662521773;255597
46504;1662521773;301885;1662521774;7473214
46631;1662521774;768627;1662521776;1835077
46365;1662521776;199542;1662521777;9333134
46657;1662521777;959709;1662521779;2598703
46638;1662521779;277549;1662521780;447196
63393;1662521780;476804;1662521788;5703492
46798;1662521788;595826;1662521789;9054716
46961;1662521789;922256;1662521791;4345746
46779;1662521791;451873;1662521792;6776183
46824;1662521792;713177;1662521794;0177767
46819;1662521794;044963;1662521795;6788926
46718;1662521795;709626;1662521796;912389
46872;1662521796;955546;1662521798;3321378
46770;1662521798;361525;1662521799;873458
46779;1662521799;899025;1662521801;1410158
63486;1662521801;162060;1662521808;8240287
46560;1662521808;850730;1662521810;0686817
46746;1662521810;086784;1662521811;3226388
46608;1662521811;351012;1662521812;7433095
46577;1662521812;762602;1662521814;1165047
46575;1662521814;134899;1662521818;0033586
46665;1662521818;066862;1662521819;637988
46540;1662521819;662767;1662521820;80297
46678;1662521820;830978;1662521824;8806605
46636;1662521824;911569;1662521826;551604
63501;1662521826;583435;1662521834;2077947
46659;1662521834;241019;1662521835;6413295
46457;1662521835;661073;1662521836;923257
46557;1662521836;948183;1662521838;0941343
46720;1662521838;122345;1662521839;2552624
46534;1662521839;300322;1662521840;286675
46630;1662521840;321674;1662521841;5657465
46479;1662521841;595475;1662521843;389079
46717;1662521843;412528;1662521844;6361337
46449;1662521844;673027;1662521847;053701
63568;1662521847;078460;1662521854;679845
46705;1662521854;718256;1662521856;0894215
46774;1662521856;118097;1662521857;8462195
46782;1662521857;884103;1662521859;3954048
46826;1662521859;427809;1662521860;4692094
46851;1662521860;494046;1662521861;698679
46716;1662521861;719701;1662521862;8192148
46893;1662521862;843320;1662521864;091371
46771;1662521864;117175;1662521865;342182
46658;1662521865;367980;1662521866;4979413
63470;1662521866;515324;1662521874;2203836
46961;1662521874;248322;1662521875;5496595
46937;1662521875;585615;1662521877;116082
46780;1662521877;140035;1662521881;28363
46925;1662521881;304470;1662521883;2381892
46870;1662521883;265378;1662521884;3230405
46953;1662521884;369462;1662521885;721405
46866;1662521885;742563;1662521886;9724598
46924;1662521886;991309;1662521888;2295063
46932;1662521888;249377;1662521889;464637
63558;1662521889;480210;1662521897;1426094
46960;1662521897;160587;1662521898;4094026
46858;1662521898;434860;1662521899;5990524
46957;1662521899;637932;1662521901;0095117
47070;1662521901;030154;1662521902;0820515
46968;1662521902;107425;1662521903;3053398
46929;1662521903;333005;1662521904;493574
46891;1662521904;540284;1662521906;3715434
46762;1662521906;397740;1662521907;692883
47006;1662521907;711285;1662521908;7716565
63732;1662521908;785655;1662521916;2905016
46792;1662521916;312577;1662521917;4713297
46764;1662521917;502553;1662521918;7730336
46890;1662521918;803989;1662521920;0503645
46742;1662521920;066018;1662521921;2660224
46803;1662521921;285096;1662521922;4489353
46904;1662521922;475454;1662521923;5958095
46695;1662521923;617372;1662521924;7234974
47049;1662521924;749782;1662521926;0680957
46800;1662521926;103588;1662521927;922646
63824;1662521927;955226;1662521935;4194844
46747;1662521935;437257;1662521936;6984308
46818;1662521936;715806;1662521938;048433
46836;1662521938;083379;1662521939;139469
42478;1662521939;164095;1662521940;7377684
46773;1662521940;778435;1662521945;291548
46733;1662521945;316605;1662521946;9118118
46738;1662521946;949242;1662521948;4529552
46791;1662521948;478421;1662521949;7222319
46809;1662521949;755531;1662521951;0200891
63584;1662521951;064115;1662521959;008519
46996;1662521959;030061;1662521960;9882667
46910;1662521961;019958;1662521963;1135645
46882;1662521963;147104;1662521964;6783845
46788;1662521964;696607;1662521969;0866718
46755;1662521969;107261;1662521971;0853574
46689;1662521971;110389;1662521972;3803267
46854;1662521972;419230;1662521973;7978241
46809;1662521973;831311;1662521975;2963622
46703;1662521975;322098;1662521976;7675607
63739;1662521976;815048;1662521985;2554595
46804;1662521985;283201;1662521986;660771
46734;1662521986;701650;1662521988;2247794
46706;1662521988;258918;1662521990;1010814
46713;1662521990;361241;1662521992;3202639
46571;1662521992;367442;1662521993;8323243
46667;1662521993;869560;1662521995;623876
46774;1662521995;672526;1662521997;1903389
46796;1662521997;260851;1662521998;7965007
46705;1662521998;823056;1662522001;22141
63889;1662522001;247874;1662522008;6847255
46863;1662522008;712166;1662522010;1805735
47022;1662522010;394398;1662522011;7275045
46796;1662522011;773170;1662522013;6280768
46975;1662522013;653967;1662522014;960106
46920;1662522014;981955;1662522016;2134645
46972;1662522016;231497;1662522017;4462848
46919;1662522017;476288;1662522019;6727111
46887;1662522019;702343;1662522020;9937787
46908;1662522021;012543;1662522022;4278984
63728;1662522022;456219;1662522029;951503
46924;1662522030;120402;1662522031;57822
46744;1662522031;607056;1662522033;8122652
46792;1662522033;844360;1662522035;6478395
46679;1662522035;819494;1662522037;7116742
46703;1662522037;734632;1662522039;3486953
46789;1662522039;376686;1662522040;691845
46880;1662522040;728355;1662522042;978244
46799;1662522043;028151;1662522044;7028923
46715;1662522044;735065;1662522046;3903272
63867;1662522046;422949;1662522054;0662658
46884;1662522054;087622;1662522056;130088
46741;1662522056;364944;1662522057;3499408
46773;1662522057;367211;1662522059;219654
46869;1662522059;246944;1662522060;9623435
46914;1662522060;982764;1662522062;1870356
46902;1662522062;211233;1662522064;0050306
46966;1662522064;022121;1662522066;4665468
47007;1662522066;486770;1662522068;3785646
47029;1662522068;565310;1662522070;0895088
64232;1662522070;201085;1662522078;4802895
47186;1662522078;506043;1662522080;4972894
47269;1662522080;524601;1662522082;2285132
47095;1662522082;503623;1662522084;3984857
47176;1662522084;477510;1662522087;3081605
47249;1662522087;341414;1662522089;2272732
47412;1662522089;264518;1662522091;4778085
47312;1662522091;510528;1662522093;4671118
47365;1662522093;487422;1662522094;9229774
47319;1662522094;968427;1662522096;8106163
64377;1662522096;829547;1662522104;4924557
47539;1662522104;514749;1662522106;701524
47384;1662522106;751422;1662522108;777188
47393;1662522108;906265;1662522110;8594608
47337;1662522110;884790;1662522114;7303517
47518;1662522114;766736;1662522116;0927882
47443;1662522116;116765;1662522117;3815863
47368;1662522117;527135;1662522124;4159088
47589;1662522124;436445;1662522126;0316365
47508;1662522126;156025;1662522127;9166546
64549;1662522127;938629;1662522135;3118541
47114;1662522135;338527;1662522136;6183305
47237;1662522136;640311;1662522138;1798322
47107;1662522138;205424;1662522140;6323233
47221;1662522140;857779;1662522142;5704343
47261;1662522142;714255;1662522146;6524565
47315;1662522146;691609;1662522149;3318
47110;1662522149;351260;1662522151;520842
47207;1662522151;537586;1662522156;0095544
47167;1662522156;037437;1662522157;3568337
64451;1662522157;392059;1662522164;8004847
47487;1662522164;826348;1662522166;274467
47532;1662522166;301196;1662522167;7477582
47539;1662522167;770710;1662522169;0246928
47528;1662522169;047227;1662522172;841211
47484;1662522172;860106;1662522174;1904788
47510;1662522174;208302;1662522175;9189615
47582;1662522175;938183;1662522177;684898
47464;1662522177;721961;1662522182;5695298
47478;1662522182;590699;1662522186;9423516
64561;1662522186;968599;1662522195;1727617
47538;1662522195;191516;1662522197;052055
47643;1662522197;087265;1662522198;4759269
47569;1662522198;495944;1662522200;1848807
47424;1662522200;229348;1662522201;772599
47559;1662522201;792435;1662522203;5485208
47444;1662522203;588022;1662522205;9360473
47491;1662522206;004372;1662522207;232407
47454;1662522207;266603;1662522212;7094088
64603;1662522212;741335;1662522220;020707
47611;1662522220;035108;1662522221;502675
47693;1662522221;529705;1662522222;8108797
47693;1662522222;835257;1662522227;2593899
47681;1662522227;294936;1662522228;4968185
47605;1662522228;531807;1662522229;6581142
47647;1662522229;679240;1662522230;960807
47645;1662522230;981393;1662522232;0030293
64870;1662522232;018380;1662522242;832363
47329;1662522242;860922;1662522244;2430036
47613;1662522244;275877;1662522245;5701475
47520;1662522245;595717;1662522246;6429455
47591;1662522246;666104;1662522248;5542636
47564;1662522248;594170;1662522249;7043839
47490;1662522249;737924;1662522254;0538137
47776;1662522254;072076;1662522255;4082596
47548;1662522255;438735;1662522256;9199932
47560;1662522256;952178;1662522257;9204092
47185;1662522257;935661;1662522269;1852453
47332;1662522269;211179;1662522270;626706
47286;1662522270;658153;1662522271;9116879
47348;1662522271;936528;1662522273;2016985
47233;1662522273;385741;1662522274;682305
47425;1662522274;723192;1662522276;461128
47400;1662522276;652385;1662522277;729006
47207;1662522277;753460;1662522278;9931917
47349;1662522279;030311;1662522280;27639
64644;1662522280;298398;1662522290;3923352
47540;1662522290;415088;1662522291;930306
47566;1662522291;963691;1662522293;0937016
47630;1662522293;116925;1662522294;579927
47508;1662522294;608020;1662522295;9739604
47561;1662522296;001226;1662522297;5857885
47415;1662522297;605683;1662522298;887544
47708;1662522298;915188;1662522300;7260814
47561;1662522300;767731;1662522302;514559
47434;1662522302;540697;1662522303;8268263
64706;1662522303;842988;1662522312;3639436
47750;1662522312;391505;1662522317;2555556
47658;1662522317;284330;1662522318;5529528
47510;1662522318;575308;1662522320;7000775
47780;1662522320;725872;1662522322;9431741
47548;1662522322;965459;1662522324;725252
47562;1662522324;760424;1662522330;5024102
47523;1662522330;524190;1662522332;0258327
64791;1662522332;058441;1662522340;094214
47196;1662522340;124565;1662522341;5497174
47224;1662522341;582440;1662522343;0333312
47121;1662522343;063050;1662522344;6636553
47060;1662522344;690085;1662522346;8297753
47021;1662522346;850636;1662522348;7338307
47182;1662522348;932563;1662522350;2104566
47113;1662522350;227967;1662522351;5765085
47060;1662522351;594521;1662522352;9374828
47000;1662522352;959529;1662522354;280333
64618;1662522354;302684;1662522362;4575543
47310;1662522362;479616;1662522363;8673522
47369;1662522363;893947;1662522365;2170708
47162;1662522365;257314;1662522366;8477569
47347;1662522366;919504;1662522368;636675
47321;1662522368;754122;1662522370;26576
47341;1662522370;304845;1662522372;3452523
47279;1662522372;385578;1662522374;3044283
47302;1662522374;344439;1662522375;4725027
47395;1662522375;508913;1662522376;915648
64695;1662522376;949319;1662522384;8955796
47343;1662522384;911100;1662522386;831498
47425;1662522386;851501;1662522388;689365
47477;1662522388;712626;1662522390;6320658
47482;1662522390;649700;1662522391;83804
47420;1662522391;859245;1662522393;3308055
47319;1662522393;352605;1662522394;452814
47413;1662522394;481867;1662522395;6115408
47353;1662522395;630939;1662522397;3556385
47430;1662522397;379894;1662522398;7579699
64882;1662522398;796998;1662522406;65606
52949;1662522406;684979;1662522407;9174068
51427;1662522407;942805;1662522409;1267624
47548;1662522409;144537;1662522410;4088056
48547;1662522410;430060;1662522411;6710296
48373;1662522411;715920;1662522413;2868068
48456;1662522413;468452;1662522414;7633595
48485;1662522414;785586;1662522415;9525714
48495;1662522415;975889;1662522417;255949
48509;1662522417;278551;1662522418;497841
64850;1662522418;532294;1662522426;485028
47856;1662522426;527035;1662522427;852631
47830;1662522427;883443;1662522432;095319
47739;1662522432;114835;1662522433;351393
47742;1662522433;372115;1662522434;5396883
47737;1662522434;559764;1662522435;8554325
47823;1662522435;872509;1662522437;1191387
47775;1662522437;145259;1662522438;2804697
47824;1662522438;312737;1662522439;7939782
47807;1662522439;817784;1662522441;0400007
65044;1662522441;073397;1662522448;6380742
47699;1662522448;670423;1662522450;2302635
47747;1662522450;262013;1662522451;5928328
47674;1662522451;618834;1662522452;7652998
47730;1662522452;792393;1662522454;1716557
47748;1662522454;212368;1662522455;3220623
47715;1662522455;350261;1662522456;576763
47815;1662522456;600378;1662522457;606919
47713;1662522457;627028;1662522459;2392457
47715;1662522459;265023;1662522460;4468892
64823;1662522460;475440;1662522473;198877
47597;1662522473;232015;1662522474;2217164
47669;1662522474;240328;1662522475;3071656
47638;1662522475;324975;1662522476;4706492
47663;1662522476;490827;1662522477;6463823
47553;1662522477;668239;1662522478;7355533
47396;1662522478;755989;1662522479;8438704
47375;1662522479;864282;1662522480;9782128
