38878.12212955952;1668502009;065234;1668502010;065234
29989.26844549179;1668502010;065234;1668502011;065234
29592.48791116476;1668502011;065234;1668502012;065234
29808.372628331184;1668502012;065234;1668502013;065234
29668.672982811928;1668502013;065234;1668502014;065234
27160.279450972874;1668502014;065234;1668502015;065234
26995.837331930798;1668502015;065234;1668502016;065234
17860.17832529545;1668502016;065234;1668502017;065234
25085.54203414917;1668502017;065234;1668502018;065234
28053.902881622314;1668502018;065234;1668502019;065234
26152.972856839497;1668502019;065234;1668502020;065234
24456.71501469612;1668502020;065234;1668502021;065234
28192.43977355957;1668502021;065234;1668502022;065234
26246.011097033817;1668502022;065234;1668502023;065234
24889.995575030644;1668502023;065234;1668502024;065234
23166.415195624035;1668502024;065234;1668502025;065234
2493.448109149933;1668502025;065234;1668502026;065234
31227.949068665504;1668502026;065234;1668502027;065234
23652.974987188976;1668502027;065234;1668502028;065234
26221.516950448353;1668502028;065234;1668502029;065234
25180.59910106659;1668502029;065234;1668502030;065234
23078.238379796345;1668502030;065234;1668502031;065234
5279.288214683533;1668502031;065234;1668502032;065234
0;1668502032;065234;1668502033;065234
27867.52968764305;1668502033;065234;1668502034;065234
7441.529276132584;1668502034;065234;1668502035;065234
27097.011181116104;1668502035;065234;1668502036;065234
23243.440817197163;1668502036;065234;1668502037;065234
123.93370628356934;1668502037;065234;1668502038;065234
30691.39946460724;1668502038;065234;1668502039;065234
24692.224033037823;1668502039;065234;1668502040;065234
22383.92478410403;1668502040;065234;1668502041;065234
995.9793360233307;1668502041;065234;1668502042;065234
27094.622923970222;1668502042;065234;1668502043;065234
21777.24476615588;1668502043;065234;1668502044;065234
951.9072246551514;1668502044;065234;1668502045;065234
38082.20867204666;1668502045;065234;1668502046;065234
29883.193029721577;1668502046;065234;1668502047;065234
20034.08187866211;1668502047;065234;1668502048;065234
0;1668502048;065234;1668502049;065234
0;1668502049;065234;1668502050;065234
29004.64080452919;1668502050;065234;1668502051;065234
20553.52792406082;1668502051;065234;1668502052;065234
17691.022028605144;1668502052;065234;1668502053;065234
6986.894825458527;1668502053;065234;1668502054;065234
29137.12325835228;1668502054;065234;1668502055;065234
20305.543100436527;1668502055;065234;1668502056;065234
903.2977724075317;1668502056;065234;1668502057;065234
27054.419404029846;1668502057;065234;1668502058;065234
42476.53476548195;1668502058;065234;1668502059;065234
26067.0;1668502059;065234;1668502060;065234
26067.0;1668502060;065234;1668502061;065234
25110.732367515564;1668502061;065234;1668502062;065234
0;1668502062;065234;1668502063;065234
31466.74338197708;1668502063;065234;1668502064;065234
24668.62517786026;1668502064;065234;1668502065;065234
21038.81357359886;1668502065;065234;1668502066;065234
2361.5150175094604;1668502066;065234;1668502067;065234
26606.655439138412;1668502067;065234;1668502068;065234
4357.491155862808;1668502068;065234;1668502069;065234
25794.928906440735;1668502069;065234;1668502070;065234
5991.987718582153;1668502070;065234;1668502071;065234
28895.71619939804;1668502071;065234;1668502072;065234
22278.292776346207;1668502072;065234;1668502073;065234
18102.174753348034;1668502073;065234;1668502074;065234
47090.78650061289;1668502074;065234;1668502075;065234
44079.9112581412;1668502075;065234;1668502076;065234
26101.0;1668502076;065234;1668502077;065234
26101.0;1668502077;065234;1668502078;065234
26520.584119796753;1668502078;065234;1668502079;065234
24529.47528409958;1668502079;065234;1668502080;065234
22097.53924059868;1668502080;065234;1668502081;065234
25159.905141035717;1668502081;065234;1668502082;065234
28436.767280817032;1668502082;065234;1668502083;065234
19534.117376089096;1668502083;065234;1668502084;065234
26201.508321404457;1668502084;065234;1668502085;065234
6560.948448896408;1668502085;065234;1668502086;065234
27263.13979804516;1668502086;065234;1668502087;065234
4982.6823806762695;1668502087;065234;1668502088;065234
28264.657566785812;1668502088;065234;1668502089;065234
2614.8847630023956;1668502089;065234;1668502090;065234
29665.448247671127;1668502090;065234;1668502091;065234
23998.405194918316;1668502091;065234;1668502092;065234
5362.715755701065;1668502092;065234;1668502093;065234
27115.20669221878;1668502093;065234;1668502094;065234
22176.66303571065;1668502094;065234;1668502095;065234
1263.5594663619995;1668502095;065234;1668502096;065234
28941.50767016411;1668502096;065234;1668502097;065234
3018.7064867019653;1668502097;065234;1668502098;065234
60295.84058380127;1668502098;065234;1668502099;065234
45024.10232512156;1668502099;065234;1668502100;065234
25973.0;1668502100;065234;1668502101;065234
25973.0;1668502101;065234;1668502102;065234
29703.695142587025;1668502102;065234;1668502103;065234
26799.045655727386;1668502103;065234;1668502104;065234
27295.57398533821;1668502104;065234;1668502105;065234
27281.72081065178;1668502105;065234;1668502106;065234
25858.709000428516;1668502106;065234;1668502107;065234
26228.2469505469;1668502107;065234;1668502108;065234
25016.34231098493;1668502108;065234;1668502109;065234
24735.772382179897;1668502109;065234;1668502110;065234
23049.423748413723;1668502110;065234;1668502111;065234
3764.4066274166107;1668502111;065234;1668502112;065234
0;1668502112;065234;1668502113;065234
31969.678578972816;1668502113;065234;1668502114;065234
26437.952116330463;1668502114;065234;1668502115;065234
25284.16516160965;1668502115;065234;1668502116;065234
23677.48133770625;1668502116;065234;1668502117;065234
22543.685242176056;1668502117;065234;1668502118;065234
867.4020564556122;1668502118;065234;1668502119;065234
34072.31528067589;1668502119;065234;1668502120;065234
26317.834669748943;1668502120;065234;1668502121;065234
25673.78889854749;1668502121;065234;1668502122;065234
27372.937546253204;1668502122;065234;1668502123;065234
25359.10654568672;1668502123;065234;1668502124;065234
24800.15566945076;1668502124;065234;1668502125;065234
22832.256203889847;1668502125;065234;1668502126;065234
1724.3892979621887;1668502126;065234;1668502127;065234
40047.603395700455;1668502127;065234;1668502128;065234
21556.61308145523;1668502128;065234;1668502129;065234
2633.430974006653;1668502129;065234;1668502130;065234
98895.25799655914;1668502130;065234;1668502131;065234
25990.0;1668502131;065234;1668502132;065234
25990.0;1668502132;065234;1668502133;065234
44834.654813448586;1668502133;065234;1668502134;065234
26066.0;1668502134;065234;1668502135;065234
26066.0;1668502135;065234;1668502136;065234
26424.81353298823;1668502136;065234;1668502137;065234
24148.102942943573;1668502137;065234;1668502138;065234
22579.968765974045;1668502138;065234;1668502139;065234
1265.3783237934113;1668502139;065234;1668502140;065234
31164.052929639816;1668502140;065234;1668502141;065234
49339.71810436249;1668502141;065234;1668502142;065234
48109.14637986819;1668502142;065234;1668502143;065234
26149.0;1668502143;065234;1668502144;065234
26149.0;1668502144;065234;1668502145;065234
26077.927755355835;1668502145;065234;1668502146;065234
31775.23099541664;1668502146;065234;1668502147;065234
25702.8442448775;1668502147;065234;1668502148;065234
24778.704499642055;1668502148;065234;1668502149;065234
25040.726178248722;1668502149;065234;1668502150;065234
23674.61053276062;1668502150;065234;1668502151;065234
23100.69190899531;1668502151;065234;1668502152;065234
57.70282983779907;1668502152;065234;1668502153;065234
0;1668502153;065234;1668502154;065234
0;1668502154;065234;1668502155;065234
30239.068793058395;1668502155;065234;1668502156;065234
26398.6025706927;1668502156;065234;1668502157;065234
25241.721069574356;1668502157;065234;1668502158;065234
25201.4962135156;1668502158;065234;1668502159;065234
23460.29807829857;1668502159;065234;1668502160;065234
23010.743267218273;1668502160;065234;1668502161;065234
765.2921261787415;1668502161;065234;1668502162;065234
40826.32116949558;1668502162;065234;1668502163;065234
23428.05141019821;1668502163;065234;1668502164;065234
37490.24247479439;1668502164;065234;1668502165;065234
23199.854466199875;1668502165;065234;1668502166;065234
1126.2986934185028;1668502166;065234;1668502167;065234
0;1668502167;065234;1668502168;065234
0;1668502168;065234;1668502169;065234
35987.61889743805;1668502169;065234;1668502170;065234
310.19341945648193;1668502170;065234;1668502171;065234
0;1668502171;065234;1668502172;065234
0;1668502172;065234;1668502173;065234
0;1668502173;065234;1668502174;065234
0;1668502174;065234;1668502175;065234
0;1668502175;065234;1668502176;065234
0;1668502176;065234;1668502177;065234
0;1668502177;065234;1668502178;065234
0;1668502178;065234;1668502179;065234
0;1668502179;065234;1668502180;065234
0;1668502180;065234;1668502181;065234
30956.41243982315;1668502181;065234;1668502182;065234
24517.390654484432;1668502182;065234;1668502183;065234
23992.03022178014;1668502183;065234;1668502184;065234
2315.53955078125;1668502184;065234;1668502185;065234
0;1668502185;065234;1668502186;065234
32470.804583787918;1668502186;065234;1668502187;065234
25811.26171429952;1668502187;065234;1668502188;065234
24305.694842418034;1668502188;065234;1668502189;065234
24858.118318478268;1668502189;065234;1668502190;065234
23408.111115455627;1668502190;065234;1668502191;065234
23197.393778483074;1668502191;065234;1668502192;065234
526.8911747932434;1668502192;065234;1668502193;065234
36936.32154035568;1668502193;065234;1668502194;065234
23457.6224044164;1668502194;065234;1668502195;065234
2873.5946016311646;1668502195;065234;1668502196;065234
0;1668502196;065234;1668502197;065234
34033.42223238945;1668502197;065234;1668502198;065234
26822.599395195644;1668502198;065234;1668502199;065234
24695.455251852673;1668502199;065234;1668502200;065234
25279.804522037506;1668502200;065234;1668502201;065234
28253.921160380047;1668502201;065234;1668502202;065234
27058.054802894592;1668502202;065234;1668502203;065234
25328.968423843384;1668502203;065234;1668502204;065234
26013.081594467163;1668502204;065234;1668502205;065234
24224.3819249471;1668502205;065234;1668502206;065234
22300.847132047016;1668502206;065234;1668502207;065234
3349.6220273971558;1668502207;065234;1668502208;065234
33017.67331850529;1668502208;065234;1668502209;065234
26331.51938724518;1668502209;065234;1668502210;065234
25909.70307501157;1668502210;065234;1668502211;065234
23795.1780684789;1668502211;065234;1668502212;065234
23261.503938992817;1668502212;065234;1668502213;065234
1694.1198658943176;1668502213;065234;1668502214;065234
35335.98189043999;1668502214;065234;1668502215;065234
718.4880220890045;1668502215;065234;1668502216;065234
0;1668502216;065234;1668502217;065234
0;1668502217;065234;1668502218;065234
33622.6615101099;1668502218;065234;1668502219;065234
24942.155246893566;1668502219;065234;1668502220;065234
25303.7109152476;1668502220;065234;1668502221;065234
26150.985325813293;1668502221;065234;1668502222;065234
25427.749867041905;1668502222;065234;1668502223;065234
23790.80517244339;1668502223;065234;1668502224;065234
21494.577278931934;1668502224;065234;1668502225;065234
214.80182790756226;1668502225;065234;1668502226;065234
29167.516160726547;1668502226;065234;1668502227;065234
20897.02205133438;1668502227;065234;1668502228;065234
19880.37664103508;1668502228;065234;1668502229;065234
21600.26925778389;1668502229;065234;1668502230;065234
3662.658340215683;1668502230;065234;1668502231;065234
29795.752903342247;1668502231;065234;1668502232;065234
2297.930950641632;1668502232;065234;1668502233;065234
0;1668502233;065234;1668502234;065234
33085.289836645126;1668502234;065234;1668502235;065234
34297.93365263939;1668502235;065234;1668502236;065234
28107.997415383656;1668502236;065234;1668502237;065234
26253.654904842377;1668502237;065234;1668502238;065234
24601.73754119873;1668502238;065234;1668502239;065234
22868.54845205943;1668502239;065234;1668502240;065234
902.3735256195068;1668502240;065234;1668502241;065234
0;1668502241;065234;1668502242;065234
0;1668502242;065234;1668502243;065234
31354.692284822464;1668502243;065234;1668502244;065234
26579.109704653423;1668502244;065234;1668502245;065234
24816.108251571655;1668502245;065234;1668502246;065234
24321.147109587986;1668502246;065234;1668502247;065234
22665.391548315685;1668502247;065234;1668502248;065234
1866.2507708072662;1668502248;065234;1668502249;065234
0;1668502249;065234;1668502250;065234
30416.12917947769;1668502250;065234;1668502251;065234
25436.341641426086;1668502251;065234;1668502252;065234
23526.01497578621;1668502252;065234;1668502253;065234
14552.551778197289;1668502253;065234;1668502254;065234
31322.55931031704;1668502254;065234;1668502255;065234
24657.508849143982;1668502255;065234;1668502256;065234
23743.979250907898;1668502256;065234;1668502257;065234
3807.1718311309814;1668502257;065234;1668502258;065234
30911.46867465973;1668502258;065234;1668502259;065234
25711.60446246465;1668502259;065234;1668502260;065234
25573.115320444107;1668502260;065234;1668502261;065234
41565.63287011782;1668502261;065234;1668502262;065234
40440.142111460365;1668502262;065234;1668502263;065234
26156.0;1668502263;065234;1668502264;065234
26156.0;1668502264;065234;1668502265;065234
4274.100720405579;1668502265;065234;1668502266;065234
30061.77416431904;1668502266;065234;1668502267;065234
24585.318452119827;1668502267;065234;1668502268;065234
22374.248370170593;1668502268;065234;1668502269;065234
1676.9735841751099;1668502269;065234;1668502270;065234
36212.084506988525;1668502270;065234;1668502271;065234
29989.048833847046;1668502271;065234;1668502272;065234
19960.551778793335;1668502272;065234;1668502273;065234
0;1668502273;065234;1668502274;065234
30713.022213697433;1668502274;065234;1668502275;065234
29975.907289981842;1668502275;065234;1668502276;065234
23814.20307159424;1668502276;065234;1668502277;065234
1915.5764532089233;1668502277;065234;1668502278;065234
31166.377700924873;1668502278;065234;1668502279;065234
20044.366829156876;1668502279;065234;1668502280;065234
21978.88772281011;1668502280;065234;1668502281;065234
23666.52587914467;1668502281;065234;1668502282;065234
22781.381991147995;1668502282;065234;1668502283;065234
13687.575738430023;1668502283;065234;1668502284;065234
29489.25103342533;1668502284;065234;1668502285;065234
1728.172206878662;1668502285;065234;1668502286;065234
30842.10703086853;1668502286;065234;1668502287;065234
22912.553243160248;1668502287;065234;1668502288;065234
21114.31511616707;1668502288;065234;1668502289;065234
26637.01550571124;1668502289;065234;1668502290;065234
26095.0;1668502290;065234;1668502291;065234
6550.266172885895;1668502291;065234;1668502292;065234
0;1668502292;065234;1668502293;065234
0;1668502293;065234;1668502294;065234
28682.3388941288;1668502294;065234;1668502295;065234
21080.78197813034;1668502295;065234;1668502296;065234
1252.5726199150085;1668502296;065234;1668502297;065234
26886.476093053818;1668502297;065234;1668502298;065234
7780.212954998016;1668502298;065234;1668502299;065234
26576.084678530693;1668502299;065234;1668502300;065234
30591.514008283615;1668502300;065234;1668502301;065234
26122.0;1668502301;065234;1668502302;065234
23823.48015197118;1668502302;065234;1668502303;065234
20831.04326923688;1668502303;065234;1668502304;065234
1144.7566604614258;1668502304;065234;1668502305;065234
27219.852661132812;1668502305;065234;1668502306;065234
7214.090414047241;1668502306;065234;1668502307;065234
0;1668502307;065234;1668502308;065234
31802.71466588974;1668502308;065234;1668502309;065234
24082.129514217377;1668502309;065234;1668502310;065234
23461.676671584446;1668502310;065234;1668502311;065234
20599.377832889557;1668502311;065234;1668502312;065234
19631.817724307377;1668502312;065234;1668502313;065234
22356.903552532196;1668502313;065234;1668502314;065234
3088.275486469269;1668502314;065234;1668502315;065234
36302.19954299927;1668502315;065234;1668502316;065234
4953.2501492500305;1668502316;065234;1668502317;065234
29236.10178899765;1668502317;065234;1668502318;065234
23307.833178043365;1668502318;065234;1668502319;065234
6202.682104110718;1668502319;065234;1668502320;065234
29244.89197587967;1668502320;065234;1668502321;065234
41049.05197747549;1668502321;065234;1668502322;065234
40021.976527531944;1668502322;065234;1668502323;065234
26036.0;1668502323;065234;1668502324;065234
26036.0;1668502324;065234;1668502325;065234
19187.130617777508;1668502325;065234;1668502326;065234
23383.97134923935;1668502326;065234;1668502327;065234
3246.5802805423737;1668502327;065234;1668502328;065234
31037.31028032303;1668502328;065234;1668502329;065234
25983.244925022125;1668502329;065234;1668502330;065234
23236.78332368533;1668502330;065234;1668502331;065234
14802.028558413187;1668502331;065234;1668502332;065234
18470.490304311115;1668502332;065234;1668502333;065234
8323.7006483078;1668502333;065234;1668502334;065234
0;1668502334;065234;1668502335;065234
27686.33764743805;1668502335;065234;1668502336;065234
22101.729913949966;1668502336;065234;1668502337;065234
17449.443465153377;1668502337;065234;1668502338;065234
10686.614033460617;1668502338;065234;1668502339;065234
29234.797047138214;1668502339;065234;1668502340;065234
21745.41711115837;1668502340;065234;1668502341;065234
3920.361819267273;1668502341;065234;1668502342;065234
29343.276373028755;1668502342;065234;1668502343;065234
22945.52383319537;1668502343;065234;1668502344;065234
5185.8356857299805;1668502344;065234;1668502345;065234
26237.608873844147;1668502345;065234;1668502346;065234
9454.061090946198;1668502346;065234;1668502347;065234
29457.304118990898;1668502347;065234;1668502348;065234
24008.033493995667;1668502348;065234;1668502349;065234
22181.977898756664;1668502349;065234;1668502350;065234
1718.5108513832092;1668502350;065234;1668502351;065234
28068.41945564747;1668502351;065234;1668502352;065234
22688.27460861206;1668502352;065234;1668502353;065234
1620.6853380203247;1668502353;065234;1668502354;065234
31252.352040171623;1668502354;065234;1668502355;065234
25237.306154807407;1668502355;065234;1668502356;065234
23079.24858180682;1668502356;065234;1668502357;065234
2641.6349291801453;1668502357;065234;1668502358;065234
26652.962072253227;1668502358;065234;1668502359;065234
9363.781773805618;1668502359;065234;1668502360;065234
28783.303611516953;1668502360;065234;1668502361;065234
22014.71891419093;1668502361;065234;1668502362;065234
11802.941108345985;1668502362;065234;1668502363;065234
26270.853078722954;1668502363;065234;1668502364;065234
7814.54403591156;1668502364;065234;1668502365;065234
26358.560087919235;1668502365;065234;1668502366;065234
5506.486830949783;1668502366;065234;1668502367;065234
29485.865397453308;1668502367;065234;1668502368;065234
6266.550416469574;1668502368;065234;1668502369;065234
0;1668502369;065234;1668502370;065234
28044.754447102547;1668502370;065234;1668502371;065234
23102.550707419712;1668502371;065234;1668502372;065234
2255.701817512512;1668502372;065234;1668502373;065234
30678.05518555641;1668502373;065234;1668502374;065234
23718.14099963506;1668502374;065234;1668502375;065234
8592.6466588974;1668502375;065234;1668502376;065234
32940.82918024063;1668502376;065234;1668502377;065234
25650.52547899882;1668502377;065234;1668502378;065234
24771.143052101135;1668502378;065234;1668502379;065234
26244.6297138532;1668502379;065234;1668502380;065234
24359.785491545994;1668502380;065234;1668502381;065234
24354.93567085266;1668502381;065234;1668502382;065234
22994.90901128451;1668502382;065234;1668502383;065234
19399.685643434525;1668502383;065234;1668502384;065234
23748.618725299835;1668502384;065234;1668502385;065234
3542.0795488357544;1668502385;065234;1668502386;065234
28646.68517923355;1668502386;065234;1668502387;065234
21536.326847632725;1668502387;065234;1668502388;065234
22341.057502985;1668502388;065234;1668502389;065234
50243.71588977178;1668502389;065234;1668502390;065234
49239.984202861786;1668502390;065234;1668502391;065234
26097.0;1668502391;065234;1668502392;065234
26097.0;1668502392;065234;1668502393;065234
26097.0;1668502393;065234;1668502394;065234
2094.7266597747803;1668502394;065234;1668502395;065234
28459.03330039978;1668502395;065234;1668502396;065234
24355.326223691303;1668502396;065234;1668502397;065234
1529.0778095722198;1668502397;065234;1668502398;065234
0;1668502398;065234;1668502399;065234
35274.18243455887;1668502399;065234;1668502400;065234
26636.5570602417;1668502400;065234;1668502401;065234
25658.52845486005;1668502401;065234;1668502402;065234
23134.589163859684;1668502402;065234;1668502403;065234
3852.960196495056;1668502403;065234;1668502404;065234
31329.40552854538;1668502404;065234;1668502405;065234
22544.00132751465;1668502405;065234;1668502406;065234
6262.279076576233;1668502406;065234;1668502407;065234
0;1668502407;065234;1668502408;065234
30061.813943743706;1668502408;065234;1668502409;065234
4409.5707750320435;1668502409;065234;1668502410;065234
0;1668502410;065234;1668502411;065234
30904.414365768433;1668502411;065234;1668502412;065234
23794.502658526104;1668502412;065234;1668502413;065234
21677.87246664365;1668502413;065234;1668502414;065234
10035.939356446266;1668502414;065234;1668502415;065234
30197.155929923058;1668502415;065234;1668502416;065234
29385.47553920746;1668502416;065234;1668502417;065234
4767.146837711334;1668502417;065234;1668502418;065234
30593.652164936066;1668502418;065234;1668502419;065234
24141.34668803215;1668502419;065234;1668502420;065234
21785.145189762115;1668502420;065234;1668502421;065234
3150.523126602173;1668502421;065234;1668502422;065234
60777.74102628231;1668502422;065234;1668502423;065234
25983.0;1668502423;065234;1668502424;065234
25983.0;1668502424;065234;1668502425;065234
503.62728452682495;1668502425;065234;1668502426;065234
29672.41058599949;1668502426;065234;1668502427;065234
23725.797519365948;1668502427;065234;1668502428;065234
4747.850246429443;1668502428;065234;1668502429;065234
0;1668502429;065234;1668502430;065234
27121.68444955349;1668502430;065234;1668502431;065234
16900.332704782486;1668502431;065234;1668502432;065234
27558.669117212296;1668502432;065234;1668502433;065234
23844.45835185051;1668502433;065234;1668502434;065234
2482.1879081726074;1668502434;065234;1668502435;065234
27047.508919000626;1668502435;065234;1668502436;065234
6397.419686794281;1668502436;065234;1668502437;065234
0;1668502437;065234;1668502438;065234
28769.04177927971;1668502438;065234;1668502439;065234
21751.204247077305;1668502439;065234;1668502440;065234
20755.805542548496;1668502440;065234;1668502441;065234
28236.754135052364;1668502441;065234;1668502442;065234
26394.892690499622;1668502442;065234;1668502443;065234
24781.670693397522;1668502443;065234;1668502444;065234
23074.290356318157;1668502444;065234;1668502445;065234
3061.2877883911133;1668502445;065234;1668502446;065234
28571.590010285378;1668502446;065234;1668502447;065234
22883.828318595886;1668502447;065234;1668502448;065234
2117.7242982387543;1668502448;065234;1668502449;065234
34040.566177845;1668502449;065234;1668502450;065234
20118.38348340988;1668502450;065234;1668502451;065234
30726.40117943287;1668502451;065234;1668502452;065234
22090.472813367844;1668502452;065234;1668502453;065234
5206.310070991516;1668502453;065234;1668502454;065234
29866.9766869545;1668502454;065234;1668502455;065234
22133.76334007581;1668502455;065234;1668502456;065234
4440.495366096497;1668502456;065234;1668502457;065234
26645.14683151245;1668502457;065234;1668502458;065234
8438.250198364258;1668502458;065234;1668502459;065234
0;1668502459;065234;1668502460;065234
65013.76351690292;1668502460;065234;1668502461;065234
25977.0;1668502461;065234;1668502462;065234
25977.0;1668502462;065234;1668502463;065234
22525.76517089208;1668502463;065234;1668502464;065234
4126.264034509659;1668502464;065234;1668502465;065234
31676.642293930054;1668502465;065234;1668502466;065234
25234.449860572815;1668502466;065234;1668502467;065234
23447.778819322586;1668502467;065234;1668502468;065234
22008.9111764431;1668502468;065234;1668502469;065234
533.2487292289734;1668502469;065234;1668502470;065234
30321.78085041046;1668502470;065234;1668502471;065234
23247.770307302475;1668502471;065234;1668502472;065234
5251.120752334595;1668502472;065234;1668502473;065234
27672.67228603363;1668502473;065234;1668502474;065234
22384.289961655933;1668502474;065234;1668502475;065234
19420.932566086452;1668502475;065234;1668502476;065234
23423.64207092921;1668502476;065234;1668502477;065234
4730.580078125;1668502477;065234;1668502478;065234
29627.019710421562;1668502478;065234;1668502479;065234
23185.122318267822;1668502479;065234;1668502480;065234
3621.994355916977;1668502480;065234;1668502481;065234
27446.48375737667;1668502481;065234;1668502482;065234
23152.31033531825;1668502482;065234;1668502483;065234
20015.409944295883;1668502483;065234;1668502484;065234
24220.145156383514;1668502484;065234;1668502485;065234
19966.747976144154;1668502485;065234;1668502486;065234
18333.736609299976;1668502486;065234;1668502487;065234
7405.795399188995;1668502487;065234;1668502488;065234
29573.548687815666;1668502488;065234;1668502489;065234
25630.95631170273;1668502489;065234;1668502490;065234
21979.55978981654;1668502490;065234;1668502491;065234
7772.424202919006;1668502491;065234;1668502492;065234
29746.220098495483;1668502492;065234;1668502493;065234
22626.75918483734;1668502493;065234;1668502494;065234
5975.869235992432;1668502494;065234;1668502495;065234
0;1668502495;065234;1668502496;065234
31090.719178199768;1668502496;065234;1668502497;065234
21963.92578403155;1668502497;065234;1668502498;065234
4538.2422132492065;1668502498;065234;1668502499;065234
27338.479250192642;1668502499;065234;1668502500;065234
1593.3028750419617;1668502500;065234;1668502501;065234
0;1668502501;065234;1668502502;065234
36087.94840443134;1668502502;065234;1668502503;065234
27305.53596885999;1668502503;065234;1668502504;065234
23260.049647331238;1668502504;065234;1668502505;065234
11586.384306907654;1668502505;065234;1668502506;065234
37630.77506625652;1668502506;065234;1668502507;065234
25272.381437301636;1668502507;065234;1668502508;065234
23066.463745435078;1668502508;065234;1668502509;065234
6038.921504020691;1668502509;065234;1668502510;065234
32494.470568299294;1668502510;065234;1668502511;065234
25192.30042894681;1668502511;065234;1668502512;065234
28883.89456494649;1668502512;065234;1668502513;065234
5685.782504081726;1668502513;065234;1668502514;065234
0;1668502514;065234;1668502515;065234
26522.953955173492;1668502515;065234;1668502516;065234
5899.9743094444275;1668502516;065234;1668502517;065234
29474.473834753036;1668502517;065234;1668502518;065234
6920.510242462158;1668502518;065234;1668502519;065234
28945.124024271965;1668502519;065234;1668502520;065234
21230.49309150378;1668502520;065234;1668502521;065234
5166.37825012207;1668502521;065234;1668502522;065234
27841.31677567959;1668502522;065234;1668502523;065234
2069.8578186035156;1668502523;065234;1668502524;065234
26860.58350121975;1668502524;065234;1668502525;065234
5399.419260978699;1668502525;065234;1668502526;065234
27322.483772277832;1668502526;065234;1668502527;065234
20059.793098926544;1668502527;065234;1668502528;065234
21989.93703508377;1668502528;065234;1668502529;065234
3991.1898736953735;1668502529;065234;1668502530;065234
27554.96099603176;1668502530;065234;1668502531;065234
2150.9899377822876;1668502531;065234;1668502532;065234
41095.427936673164;1668502532;065234;1668502533;065234
22226.460975488026;1668502533;065234;1668502534;065234
4760.879369258881;1668502534;065234;1668502535;065234
31001.51417708397;1668502535;065234;1668502536;065234
22246.754339694977;1668502536;065234;1668502537;065234
4445.7550349235535;1668502537;065234;1668502538;065234
26120.48843550682;1668502538;065234;1668502539;065234
18748.50150823593;1668502539;065234;1668502540;065234
21965.142773310345;1668502540;065234;1668502541;065234
963.092583656311;1668502541;065234;1668502542;065234
26209.35776782036;1668502542;065234;1668502543;065234
19073.166126410168;1668502543;065234;1668502544;065234
22246.795482635498;1668502544;065234;1668502545;065234
1565.8621520996094;1668502545;065234;1668502546;065234
31986.737850546837;1668502546;065234;1668502547;065234
21800.249522765476;1668502547;065234;1668502548;065234
3633.038582801819;1668502548;065234;1668502549;065234
0;1668502549;065234;1668502550;065234
27902.111330151558;1668502550;065234;1668502551;065234
5351.496126413345;1668502551;065234;1668502552;065234
26563.084530115128;1668502552;065234;1668502553;065234
7945.973171234131;1668502553;065234;1668502554;065234
28107.24700808525;1668502554;065234;1668502555;065234
5544.377088546753;1668502555;065234;1668502556;065234
29598.7454931736;1668502556;065234;1668502557;065234
23726.551445086796;1668502557;065234;1668502558;065234
4625.021733999252;1668502558;065234;1668502559;065234
0;1668502559;065234;1668502560;065234
26435.2500705719;1668502560;065234;1668502561;065234
7264.19953417778;1668502561;065234;1668502562;065234
39481.72953116894;1668502562;065234;1668502563;065234
24003.023546616238;1668502563;065234;1668502564;065234
24074.96977988879;1668502564;065234;1668502565;065234
997.7011177539825;1668502565;065234;1668502566;065234
0;1668502566;065234;1668502567;065234
32163.789333701134;1668502567;065234;1668502568;065234
25638.100249369938;1668502568;065234;1668502569;065234
23172.75895500183;1668502569;065234;1668502570;065234
4385.0253801345825;1668502570;065234;1668502571;065234
0;1668502571;065234;1668502572;065234
27285.182894587517;1668502572;065234;1668502573;065234
3953.5187644958496;1668502573;065234;1668502574;065234
0;1668502574;065234;1668502575;065234
26843.57971060276;1668502575;065234;1668502576;065234
5634.2436945438385;1668502576;065234;1668502577;065234
34180.63827228546;1668502577;065234;1668502578;065234
24026.78789806366;1668502578;065234;1668502579;065234
29880.885758399963;1668502579;065234;1668502580;065234
21595.424034436543;1668502580;065234;1668502581;065234
2099.101203918457;1668502581;065234;1668502582;065234
27147.344461798668;1668502582;065234;1668502583;065234
6213.862586975098;1668502583;065234;1668502584;065234
0;1668502584;065234;1668502585;065234
0;1668502585;065234;1668502586;065234
31979.67361319065;1668502586;065234;1668502587;065234
3215.1143457889557;1668502587;065234;1668502588;065234
38300.839624881744;1668502588;065234;1668502589;065234
8744.894731521606;1668502589;065234;1668502590;065234
0;1668502590;065234;1668502591;065234
0;1668502591;065234;1668502592;065234
29292.769014835358;1668502592;065234;1668502593;065234
3010.1237785816193;1668502593;065234;1668502594;065234
0;1668502594;065234;1668502595;065234
0;1668502595;065234;1668502596;065234
30554.14722919464;1668502596;065234;1668502597;065234
23594.935815811157;1668502597;065234;1668502598;065234
6498.37820148468;1668502598;065234;1668502599;065234
0;1668502599;065234;1668502600;065234
0;1668502600;065234;1668502601;065234
27622.19338810444;1668502601;065234;1668502602;065234
10310.152700901031;1668502602;065234;1668502603;065234
0;1668502603;065234;1668502604;065234
0;1668502604;065234;1668502605;065234
0;1668502605;065234;1668502606;065234
29866.19144964218;1668502606;065234;1668502607;065234
25061.523547649384;1668502607;065234;1668502608;065234
24431.480663140614;1668502608;065234;1668502609;065234
21381.83780678113;1668502609;065234;1668502610;065234
2964.907246828079;1668502610;065234;1668502611;065234
30831.381615757942;1668502611;065234;1668502612;065234
21607.76820707321;1668502612;065234;1668502613;065234
3462.655158519745;1668502613;065234;1668502614;065234
33297.85406970978;1668502614;065234;1668502615;065234
23405.31862974167;1668502615;065234;1668502616;065234
23275.64100106557;1668502616;065234;1668502617;065234
118.40868377685547;1668502617;065234;1668502618;065234
0;1668502618;065234;1668502619;065234
29494.89368867874;1668502619;065234;1668502620;065234
23851.623152653377;1668502620;065234;1668502621;065234
25944.387407859165;1668502621;065234;1668502622;065234
23964.983333269756;1668502622;065234;1668502623;065234
8666.942733764648;1668502623;065234;1668502624;065234
28495.3709897995;1668502624;065234;1668502625;065234
23289.83598772685;1668502625;065234;1668502626;065234
1524.4995861053467;1668502626;065234;1668502627;065234
50093.08048641682;1668502627;065234;1668502628;065234
30834.88645919164;1668502628;065234;1668502629;065234
25004.19281601906;1668502629;065234;1668502630;065234
0;1668502630;065234;1668502631;065234
0;1668502631;065234;1668502632;065234
30550.80714583397;1668502632;065234;1668502633;065234
49090.29307834307;1668502633;065234;1668502634;065234
48148.14398908615;1668502634;065234;1668502635;065234
26112.0;1668502635;065234;1668502636;065234
26112.0;1668502636;065234;1668502637;065234
23398.702880859375;1668502637;065234;1668502638;065234
34986.80493736267;1668502638;065234;1668502639;065234
28448.573202848434;1668502639;065234;1668502640;065234
27069.158964157104;1668502640;065234;1668502641;065234
25278.440948088963;1668502641;065234;1668502642;065234
22385.38702758153;1668502642;065234;1668502643;065234
4765.652934074402;1668502643;065234;1668502644;065234
0;1668502644;065234;1668502645;065234
34067.2842143774;1668502645;065234;1668502646;065234
26559.58810432752;1668502646;065234;1668502647;065234
26694.581107139587;1668502647;065234;1668502648;065234
27271.218611558277;1668502648;065234;1668502649;065234
34812.2420463562;1668502649;065234;1668502650;065234
35750.16363533338;1668502650;065234;1668502651;065234
26019.0;1668502651;065234;1668502652;065234
30730.260096470516;1668502652;065234;1668502653;065234
32963.852159818016;1668502653;065234;1668502654;065234
21684.724256515503;1668502654;065234;1668502655;065234
38154.22636771202;1668502655;065234;1668502656;065234
24272.881238937378;1668502656;065234;1668502657;065234
796.5593519210815;1668502657;065234;1668502658;065234
0;1668502658;065234;1668502659;065234
0;1668502659;065234;1668502660;065234
30273.242089748383;1668502660;065234;1668502661;065234
24784.108509699505;1668502661;065234;1668502662;065234
22395.17816623052;1668502662;065234;1668502663;065234
2826.4985740184784;1668502663;065234;1668502664;065234
29655.25475358963;1668502664;065234;1668502665;065234
22567.566793521244;1668502665;065234;1668502666;065234
3207.151867866516;1668502666;065234;1668502667;065234
0;1668502667;065234;1668502668;065234
37816.98001921177;1668502668;065234;1668502669;065234
20842.896538972855;1668502669;065234;1668502670;065234
0;1668502670;065234;1668502671;065234
0;1668502671;065234;1668502672;065234
0;1668502672;065234;1668502673;065234
35599.1615139246;1668502673;065234;1668502674;065234
276.47109746932983;1668502674;065234;1668502675;065234
0;1668502675;065234;1668502676;065234
0;1668502676;065234;1668502677;065234
0;1668502677;065234;1668502678;065234
0;1668502678;065234;1668502679;065234
29958.160749793053;1668502679;065234;1668502680;065234
24447.315613190334;1668502680;065234;1668502681;065234
28808.14337189992;1668502681;065234;1668502682;065234
26694.441408872604;1668502682;065234;1668502683;065234
25761.998885711033;1668502683;065234;1668502684;065234
24258.59001469612;1668502684;065234;1668502685;065234
15799.399953285852;1668502685;065234;1668502686;065234
921.0467190742493;1668502686;065234;1668502687;065234
30401.42526769638;1668502687;065234;1668502688;065234
21345.25210126241;1668502688;065234;1668502689;065234
870.132071018219;1668502689;065234;1668502690;065234
30353.040084838867;1668502690;065234;1668502691;065234
23386.831239064533;1668502691;065234;1668502692;065234
6340.849202156067;1668502692;065234;1668502693;065234
30199.66472220421;1668502693;065234;1668502694;065234
23452.915112177532;1668502694;065234;1668502695;065234
23797.395512421925;1668502695;065234;1668502696;065234
22704.427557229996;1668502696;065234;1668502697;065234
668.5497004985809;1668502697;065234;1668502698;065234
0;1668502698;065234;1668502699;065234
0;1668502699;065234;1668502700;065234
40804.41749715805;1668502700;065234;1668502701;065234
23149.273755629856;1668502701;065234;1668502702;065234
4009.6991291046143;1668502702;065234;1668502703;065234
0;1668502703;065234;1668502704;065234
0;1668502704;065234;1668502705;065234
0;1668502705;065234;1668502706;065234
32800.593784213066;1668502706;065234;1668502707;065234
613.3211252689362;1668502707;065234;1668502708;065234
32138.04009413719;1668502708;065234;1668502709;065234
26782.74692972501;1668502709;065234;1668502710;065234
28055.965861082077;1668502710;065234;1668502711;065234
25686.52911901474;1668502711;065234;1668502712;065234
24101.29959487915;1668502712;065234;1668502713;065234
22373.815857251484;1668502713;065234;1668502714;065234
2301.898355484009;1668502714;065234;1668502715;065234
0;1668502715;065234;1668502716;065234
32084.51628470421;1668502716;065234;1668502717;065234
26365.977849324543;1668502717;065234;1668502718;065234
24155.849071820576;1668502718;065234;1668502719;065234
22746.174548625946;1668502719;065234;1668502720;065234
2294.9229834079742;1668502720;065234;1668502721;065234
30917.553228855133;1668502721;065234;1668502722;065234
25958.588403304417;1668502722;065234;1668502723;065234
25594.0097155571;1668502723;065234;1668502724;065234
22510.44557396571;1668502724;065234;1668502725;065234
4927.366428375244;1668502725;065234;1668502726;065234
0;1668502726;065234;1668502727;065234
0;1668502727;065234;1668502728;065234
30616.929723143578;1668502728;065234;1668502729;065234
23591.000079870224;1668502729;065234;1668502730;065234
22834.052275578182;1668502730;065234;1668502731;065234
725.3956279754639;1668502731;065234;1668502732;065234
29064.57150375843;1668502732;065234;1668502733;065234
21024.66230948766;1668502733;065234;1668502734;065234
888.7538347244263;1668502734;065234;1668502735;065234
34922.66189169884;1668502735;065234;1668502736;065234
26951.802576382954;1668502736;065234;1668502737;065234
26649.125339825947;1668502737;065234;1668502738;065234
26215.998406728108;1668502738;065234;1668502739;065234
24566.05633497238;1668502739;065234;1668502740;065234
23889.01891040802;1668502740;065234;1668502741;065234
26427.987816810608;1668502741;065234;1668502742;065234
24977.129320700962;1668502742;065234;1668502743;065234
24042.8817598025;1668502743;065234;1668502744;065234
2228.816677093506;1668502744;065234;1668502745;065234
0;1668502745;065234;1668502746;065234
29685.443029284477;1668502746;065234;1668502747;065234
6731.773719072342;1668502747;065234;1668502748;065234
0;1668502748;065234;1668502749;065234
0;1668502749;065234;1668502750;065234
30272.78448820114;1668502750;065234;1668502751;065234
23631.539443651836;1668502751;065234;1668502752;065234
21700.825653711956;1668502752;065234;1668502753;065234
1739.9491503238678;1668502753;065234;1668502754;065234
27178.83875632286;1668502754;065234;1668502755;065234
7716.894825458527;1668502755;065234;1668502756;065234
30110.727499604225;1668502756;065234;1668502757;065234
23167.334930181503;1668502757;065234;1668502758;065234
7287.56261920929;1668502758;065234;1668502759;065234
68097.20239055157;1668502759;065234;1668502760;065234
26027.0;1668502760;065234;1668502761;065234
25483.320856809616;1668502761;065234;1668502762;065234
31680.269123911858;1668502762;065234;1668502763;065234
23013.050758759182;1668502763;065234;1668502764;065234
23247.797776142757;1668502764;065234;1668502765;065234
26105.07145698865;1668502765;065234;1668502766;065234
24422.288930654526;1668502766;065234;1668502767;065234
21156.649118026096;1668502767;065234;1668502768;065234
20366.543610493343;1668502768;065234;1668502769;065234
25268.94035545985;1668502769;065234;1668502770;065234
16329.602195739746;1668502770;065234;1668502771;065234
21720.996042807896;1668502771;065234;1668502772;065234
962.6999044418335;1668502772;065234;1668502773;065234
28975.753662109375;1668502773;065234;1668502774;065234
5381.049478292465;1668502774;065234;1668502775;065234
28654.167575240135;1668502775;065234;1668502776;065234
21827.04355374972;1668502776;065234;1668502777;065234
958.9538652896881;1668502777;065234;1668502778;065234
26368.45655965805;1668502778;065234;1668502779;065234
6928.6757736206055;1668502779;065234;1668502780;065234
43649.86055767536;1668502780;065234;1668502781;065234
24862.71052757899;1668502781;065234;1668502782;065234
22418.126228570938;1668502782;065234;1668502783;065234
4104.907608032227;1668502783;065234;1668502784;065234
31602.651272296906;1668502784;065234;1668502785;065234
24949.673437754314;1668502785;065234;1668502786;065234
22806.57469836871;1668502786;065234;1668502787;065234
5049.892356395721;1668502787;065234;1668502788;065234
0;1668502788;065234;1668502789;065234
30359.396568655968;1668502789;065234;1668502790;065234
21811.623514334362;1668502790;065234;1668502791;065234
1742.539161682129;1668502791;065234;1668502792;065234
27863.84056043625;1668502792;065234;1668502793;065234
21921.84366552035;1668502793;065234;1668502794;065234
1824.8815398216248;1668502794;065234;1668502795;065234
27078.95676612854;1668502795;065234;1668502796;065234
6287.364069700241;1668502796;065234;1668502797;065234
29775.84589266777;1668502797;065234;1668502798;065234
23822.9659965833;1668502798;065234;1668502799;065234
5467.193494796753;1668502799;065234;1668502800;065234
0;1668502800;065234;1668502801;065234
37384.88545513153;1668502801;065234;1668502802;065234
26917.332006136578;1668502802;065234;1668502803;065234
26357.14953994751;1668502803;065234;1668502804;065234
25313.849088986713;1668502804;065234;1668502805;065234
24215.903143644333;1668502805;065234;1668502806;065234
21437.095321098965;1668502806;065234;1668502807;065234
2733.9928364753723;1668502807;065234;1668502808;065234
31309.977877378464;1668502808;065234;1668502809;065234
25016.635672569275;1668502809;065234;1668502810;065234
23330.858851909637;1668502810;065234;1668502811;065234
22270.17645732562;1668502811;065234;1668502812;065234
1047.6168203353882;1668502812;065234;1668502813;065234
31767.669299006462;1668502813;065234;1668502814;065234
26531.971630096436;1668502814;065234;1668502815;065234
24720.602651755016;1668502815;065234;1668502816;065234
22415.803779760998;1668502816;065234;1668502817;065234
4730.49062204361;1668502817;065234;1668502818;065234
27535.472604990005;1668502818;065234;1668502819;065234
6700.333893299103;1668502819;065234;1668502820;065234
0;1668502820;065234;1668502821;065234
0;1668502821;065234;1668502822;065234
31435.566385269165;1668502822;065234;1668502823;065234
3333.2709560394287;1668502823;065234;1668502824;065234
0;1668502824;065234;1668502825;065234
31201.3415722847;1668502825;065234;1668502826;065234
21991.626949946087;1668502826;065234;1668502827;065234
7165.771169662476;1668502827;065234;1668502828;065234
26307.5743175745;1668502828;065234;1668502829;065234
4216.21830701828;1668502829;065234;1668502830;065234
32190.027578115463;1668502830;065234;1668502831;065234
21959.105770428974;1668502831;065234;1668502832;065234
3743.114077806473;1668502832;065234;1668502833;065234
38953.7227063179;1668502833;065234;1668502834;065234
24034.418994824093;1668502834;065234;1668502835;065234
24251.816881974537;1668502835;065234;1668502836;065234
23388.97015976906;1668502836;065234;1668502837;065234
23012.103708028793;1668502837;065234;1668502838;065234
1462.7372360229492;1668502838;065234;1668502839;065234
47417.88776373863;1668502839;065234;1668502840;065234
29096.91964364052;1668502840;065234;1668502841;065234
22953.717988729477;1668502841;065234;1668502842;065234
32812.76376974583;1668502842;065234;1668502843;065234
31087.92045720418;1668502843;065234;1668502844;065234
29490.03813592593;1668502844;065234;1668502845;065234
30108.47285238902;1668502845;065234;1668502846;065234
26831.665372451145;1668502846;065234;1668502847;065234
45386.38090546926;1668502847;065234;1668502848;065234
45048.12743695577;1668502848;065234;1668502849;065234
26190.0;1668502849;065234;1668502850;065234
26190.0;1668502850;065234;1668502851;065234
27863.161421457928;1668502851;065234;1668502852;065234
28307.239448865254;1668502852;065234;1668502853;065234
25213.79178937276;1668502853;065234;1668502854;065234
42413.25701522827;1668502854;065234;1668502855;065234
41880.83512576421;1668502855;065234;1668502856;065234
25989.0;1668502856;065234;1668502857;065234
25989.0;1668502857;065234;1668502858;065234
20950.686955690384;1668502858;065234;1668502859;065234
19909.11429007848;1668502859;065234;1668502860;065234
23114.296775102615;1668502860;065234;1668502861;065234
4938.440026760101;1668502861;065234;1668502862;065234
67244.27094340324;1668502862;065234;1668502863;065234
26160.0;1668502863;065234;1668502864;065234
26160.0;1668502864;065234;1668502865;065234
18013.82755279541;1668502865;065234;1668502866;065234
28910.66537964344;1668502866;065234;1668502867;065234
22349.8992061615;1668502867;065234;1668502868;065234
601.4318466186523;1668502868;065234;1668502869;065234
34569.01557481289;1668502869;065234;1668502870;065234
89835.16696484883;1668502870;065234;1668502871;065234
89652.24034587543;1668502871;065234;1668502872;065234
26063.0;1668502872;065234;1668502873;065234
26063.0;1668502873;065234;1668502874;065234
26063.0;1668502874;065234;1668502875;065234
26063.0;1668502875;065234;1668502876;065234
26063.0;1668502876;065234;1668502877;065234
26063.0;1668502877;065234;1668502878;065234
26063.0;1668502878;065234;1668502879;065234
30705.042584896088;1668502879;065234;1668502880;065234
29433.4912563165;1668502880;065234;1668502881;065234
19601.56289935112;1668502881;065234;1668502882;065234
77362.37295770645;1668502882;065234;1668502883;065234
80091.89236656825;1668502883;065234;1668502884;065234
25923.0;1668502884;065234;1668502885;065234
25923.0;1668502885;065234;1668502886;065234
25923.0;1668502886;065234;1668502887;065234
73026.7013279597;1668502887;065234;1668502888;065234
26017.0;1668502888;065234;1668502889;065234
26017.0;1668502889;065234;1668502890;065234
26017.0;1668502890;065234;1668502891;065234
42760.6531226635;1668502891;065234;1668502892;065234
26043.0;1668502892;065234;1668502893;065234
26043.0;1668502893;065234;1668502894;065234
47019.23412879308;1668502894;065234;1668502895;065234
66252.639149189;1668502895;065234;1668502896;065234
25978.0;1668502896;065234;1668502897;065234
25978.0;1668502897;065234;1668502898;065234
71709.46339591344;1668502898;065234;1668502899;065234
26156.0;1668502899;065234;1668502900;065234
26156.0;1668502900;065234;1668502901;065234
24050.027126312256;1668502901;065234;1668502902;065234
109138.61851119995;1668502902;065234;1668502903;065234
26084.0;1668502903;065234;1668502904;065234
26084.0;1668502904;065234;1668502905;065234
54119.67898122469;1668502905;065234;1668502906;065234
25983.0;1668502906;065234;1668502907;065234
25983.0;1668502907;065234;1668502908;065234
25983.0;1668502908;065234;1668502909;065234
13141.867107152939;1668502909;065234;1668502910;065234
34969.257971048355;1668502910;065234;1668502911;065234
27961.869433085125;1668502911;065234;1668502912;065234
25776.024794260662;1668502912;065234;1668502913;065234
25349.26354757945;1668502913;065234;1668502914;065234
22458.807707389195;1668502914;065234;1668502915;065234
4078.3938109874725;1668502915;065234;1668502916;065234
0;1668502916;065234;1668502917;065234
33236.35640895367;1668502917;065234;1668502918;065234
6084.4811153411865;1668502918;065234;1668502919;065234
0;1668502919;065234;1668502920;065234
132462.73723304272;1668502920;065234;1668502921;065234
26082.0;1668502921;065234;1668502922;065234
26082.0;1668502922;065234;1668502923;065234
26082.0;1668502923;065234;1668502924;065234
26082.0;1668502924;065234;1668502925;065234
18361.4667263031;1668502925;065234;1668502926;065234
65469.57232296467;1668502926;065234;1668502927;065234
26061.0;1668502927;065234;1668502928;065234
26061.0;1668502928;065234;1668502929;065234
29390.122557878494;1668502929;065234;1668502930;065234
6097.789192199707;1668502930;065234;1668502931;065234
0;1668502931;065234;1668502932;065234
0;1668502932;065234;1668502933;065234
35719.88355636597;1668502933;065234;1668502934;065234
20583.942890167236;1668502934;065234;1668502935;065234
0;1668502935;065234;1668502936;065234
0;1668502936;065234;1668502937;065234
63194.915345430374;1668502937;065234;1668502938;065234
26076.0;1668502938;065234;1668502939;065234
26076.0;1668502939;065234;1668502940;065234
21909.707903146744;1668502940;065234;1668502941;065234
94.81670451164246;1668502941;065234;1668502942;065234
0;1668502942;065234;1668502943;065234
0;1668502943;065234;1668502944;065234
0;1668502944;065234;1668502945;065234
0;1668502945;065234;1668502946;065234
41531.333787202835;1668502946;065234;1668502947;065234
26307.518345832825;1668502947;065234;1668502948;065234
24915.862449328106;1668502948;065234;1668502949;065234
25264.65879503886;1668502949;065234;1668502950;065234
22992.33401743571;1668502950;065234;1668502951;065234
4798.458573579788;1668502951;065234;1668502952;065234
0;1668502952;065234;1668502953;065234
41118.75203514099;1668502953;065234;1668502954;065234
26382.049892425537;1668502954;065234;1668502955;065234
45294.867644548416;1668502955;065234;1668502956;065234
43519.8487294515;1668502956;065234;1668502957;065234
26127.0;1668502957;065234;1668502958;065234
26127.0;1668502958;065234;1668502959;065234
33533.21096841494;1668502959;065234;1668502960;065234
50155.01853322983;1668502960;065234;1668502961;065234
25962.0;1668502961;065234;1668502962;065234
3959.1532530784607;1668502962;065234;1668502963;065234
0;1668502963;065234;1668502964;065234
36733.26261281967;1668502964;065234;1668502965;065234
24048.422964731853;1668502965;065234;1668502966;065234
25582.409652868908;1668502966;065234;1668502967;065234
23593.374096870422;1668502967;065234;1668502968;065234
23287.126241525013;1668502968;065234;1668502969;065234
205.6955394744873;1668502969;065234;1668502970;065234
